7192
0.9815 0.6265 0.7648 7059 11267 7192
0.0001 0.2 0.9 0.5 0.3
0.24860646599777034 0.37177601255271153 0.37177601255271153
0.27841803640027707 0.8592808551992226 0.4205669710806697 630 0.9603249574910259
0.20809248554913296 0.7318932655654383 0.3240506329113924
0.23517096999302164 0.8564167725540025 0.36901177114700245 98 0.9658060013956734
0.23776941498460485 0.7239583333333334 0.35797064125676026
0.2718954248366013 0.8666666666666667 0.41393034825870645 137 0.9552287581699347
0.0623398804440649 0.5328467153284672 0.11162079510703365
0.08803986710963455 0.7737226277372263 0.1580909768829232
274
0.0001 0.2 0.9 0.5 0.3 0.1
0.7502258355916892 0.6940353076360597 0.6940353076360597
0.7797251543517227 0.760932944606414 0.7702144402911666 593 0.8818960366460864
0.6197183098591549 0.6709021601016518 0.6442953020134227
0.6645962732919255 0.8157560355781448 0.7324586423274387 114 0.8819875776397516
0.5811659192825112 0.675 0.624578313253012
0.6178396072013094 0.7864583333333334 0.6920256645279561 107 0.9124386252045826
0.32465543644716693 0.43711340206185567 0.37258347978910367
0.3950617283950617 0.5938144329896907 0.4744645799011532
485
0.0001 0.2 0.9 0.5 0.3 0.1
0.788380716934487 0.6940152339499456 0.6940152339499456
0.8143167028199566 0.7296404275996112 0.7696565863659662 565 0.8774403470715835
0.653997378768021 0.6340533672172808 0.6438709677419355
0.7003405221339387 0.783989834815756 0.7398081534772184 118 0.8660612939841089
0.6182902584493042 0.6479166666666667 0.6327568667344863
0.6546762589928058 0.7583333333333333 0.7027027027027027 106 0.9046762589928058
0.3431192660550459 0.38556701030927837 0.36310679611650487
0.419773095623987 0.534020618556701 0.47005444646098005
485
0.0001 0.2 0.9 0.5 0.3 0.1
0.7840136054421769 0.6969009826152683 0.6969009826152683
0.810042735042735 0.7368318756073858 0.771704834605598 564 0.8794871794871795
0.7846153846153846 0.5184243964421855 0.6243305279265493
0.8338278931750742 0.7141041931385006 0.7693360711841205 154 0.771513353115727
0.7194148936170213 0.5635416666666667 0.6320093457943926
0.754079254079254 0.6739583333333333 0.7117711771177118 106 0.8764568764568764
0.3416370106761566 0.1979381443298969 0.25065274151436034
0.48179271708683474 0.354639175257732 0.4085510688836104
485
0.0001 0.2 0.9 0.5 0.3 0.1
0.7819916809395645 0.6923743500866553 0.6923743500866553
0.8078084555651424 0.7278911564625851 0.7657703711276965 549 0.881578947368421
0.7200674536256324 0.542566709021601 0.618840579710145
0.7753721244925575 0.7280813214739518 0.7509829619921363 146 0.8024357239512855
0.6743902439024391 0.5760416666666667 0.6213483146067416
0.7156549520766773 0.7 0.7077409162717219 119 0.873269435569755
0.30547550432276654 0.21855670103092784 0.2548076923076923
0.4497716894977169 0.4061855670103093 0.42686890574214514
485
0.0001 0.2 0.9 0.5 0.3 0.1
0.8018362662586075 0.6935804103242885 0.6935804103242885
0.8259018597356038 0.7164237123420797 0.767277268942548 542 0.8785570244230338
0.762962962962963 0.5235069885641678 0.6209495101733233
0.8128654970760234 0.7064803049555273 0.7559483344663493 144 0.7894736842105263
0.6996098829648895 0.5604166666666667 0.622325043377675
0.7386877828054299 0.6802083333333333 0.70824295010846 115 0.8699095022624435
0.30976430976430974 0.18969072164948453 0.23529411764705882
0.46475195822454307 0.3670103092783505 0.41013824884792627
485
