7192
0.9815 0.6265 0.7648 7059 11267 7192
0.0001 0.2 0.9 0.5 0.3
0.20142829191938955 0.32185704795029113 0.32185704795029113
0.2211249463288965 0.9008746355685131 0.35509078372787867 517 0.9753351462239397
0.16477272727272727 0.7738246505717916 0.2716930626812402
0.18505807814149947 0.8907242693773825 0.306448087431694 92 0.9757127771911299
0.19312644267760964 0.784375 0.3099403169376415
0.21741293532338307 0.9104166666666667 0.35100401606425696 121 0.9699004975124378
0.052213740458015266 0.6240875912408759 0.0963651732882502
0.0673076923076923 0.8175182481751825 0.1243753470294281
274
0.0001 0.2 0.9 0.5 0.3 0.15
0.6735899390243902 0.6802655633599538 0.6802655633599538
0.7044003451251079 0.7933916423712342 0.7462522851919561 547 0.9056082830025884
0.6315086782376502 0.6010165184243964 0.6158854166666667
0.6898876404494382 0.7801778907242694 0.7322599880739414 141 0.8415730337078652
0.6114583333333333 0.6114583333333333 0.6114583333333333
0.6536675951717734 0.7333333333333333 0.6912125675012273 117 0.8913649025069638
0.318359375 0.33608247422680415 0.3269809428284855
0.40947546531302875 0.49896907216494846 0.44981412639405205
485
0.0001 0.2 0.9 0.5 0.3 0.15
0.8202921231090246 0.7005234435906004 0.7005234435906004
0.8413173652694611 0.7100097181729835 0.7701064614735955 508 0.8830032243205896
0.74487895716946 0.5082592121982211 0.6042296072507554
0.7949101796407185 0.6747141041931385 0.7298969072164948 131 0.8038922155688623
0.7054054054054054 0.54375 0.6141176470588235
0.7462165308498254 0.6677083333333333 0.7047828477185266 119 0.8614668218859138
0.30685920577617326 0.17525773195876287 0.22309711286089237
0.46368715083798884 0.3422680412371134 0.39383155397390274
485
0.0001 0.2 0.9 0.5 0.3 0.15
0.8213166144200627 0.700768973587429 0.700768973587429
0.8429030776297657 0.7133138969873664 0.7727129171491737 526 0.8791915480018374
0.7580340264650284 0.5095298602287166 0.6094224924012158
0.803680981595092 0.6658195679796697 0.728283530229326 123 0.8113496932515337
0.7127799736495388 0.5635416666666667 0.6294357184409539
0.7473928157589803 0.671875 0.7076247942951179 104 0.8794901506373117
0.3469387755102041 0.21030927835051547 0.26187419768934533
0.4696132596685083 0.35051546391752575 0.4014167650531287
485
0.0001 0.2 0.9 0.5 0.3 0.15
0.8160352880124546 0.6989665518390933 0.6989665518390933
0.8376831501831502 0.711175898931001 0.7692631136339745 514 0.8823260073260073
0.7931769722814499 0.4726810673443456 0.5923566878980892
0.8383333333333334 0.639135959339263 0.7253064167267483 131 0.7816666666666666
0.7758887171561051 0.5229166666666667 0.6247666459240822
0.8097112860892388 0.6427083333333333 0.716608594657375 115 0.8490813648293963
0.36363636363636365 0.1402061855670103 0.20238095238095236
0.5440613026819924 0.2927835051546392 0.38069705093833783
485
0.0001 0.2 0.9 0.5 0.3 0.15
0.8725461470846763 0.6959569992989016 0.6959569992989016
0.8875968992248062 0.6676384839650146 0.7620632279534109 457 0.8819121447028424
0.8137931034482758 0.4498094027954257 0.5793780687397709
0.8563829787234043 0.613722998729352 0.7150259067357513 129 0.7712765957446809
0.7868852459016393 0.5 0.6114649681528662
0.8194444444444444 0.6145833333333334 0.7023809523809524 110 0.8472222222222222
0.34177215189873417 0.11134020618556702 0.16796267496111975
0.5251141552511416 0.23711340206185566 0.3267045454545454
485
