7192
0.9815 0.6265 0.7648 7059 11267 7192
0.0001 0.2 0.9 0.5 0.3
0.20354545937052174 0.3197698657550238 0.3197698657550238
0.23026417030007695 0.8724975704567541 0.36436688311688314 654 0.9664529366504232
0.16157090142329994 0.7789072426937739 0.26762715564287276
0.18036588508116466 0.8894536213468869 0.2999143101970866 87 0.9775830971399124
0.19000757002271007 0.784375 0.30591102985984153
0.21342808135260966 0.9072916666666667 0.34556635588176954 118 0.9710855182553296
0.05007496251874063 0.6094890510948905 0.09254641174840675
0.06493506493506493 0.8029197080291971 0.12015292190060076
274
0.0001 0.2 0.9 0.5 0.3 0.2
0.6819960861056752 0.6796684544124818 0.6796684544124818
0.7147120786516854 0.7912536443148688 0.7510377271469422 586 0.8971207865168539
0.5770089285714286 0.6569250317662008 0.6143790849673203
0.6280667320902846 0.8132147395171537 0.7087486157253599 123 0.8792934249263984
0.5478632478632479 0.6677083333333333 0.6018779342723005
0.5863956215793589 0.78125 0.6699419383653417 109 0.9147771696637998
0.29819694868238555 0.44329896907216493 0.3565505804311774
0.3611111111111111 0.5896907216494846 0.44792482380579485
485
0.0001 0.2 0.9 0.5 0.3 0.2
0.7775131014768938 0.6987049127689179 0.6987049127689179
0.8029535864978903 0.7397473275024296 0.7700556398583713 542 0.8856540084388186
0.6345646437994723 0.6111817026683609 0.622653721682848
0.6929046563192904 0.7941550190597204 0.7400828892835997 144 0.8403547671840355
0.5897939156035329 0.6260416666666667 0.6073774633653362
0.6320422535211268 0.7479166666666667 0.685114503816794 117 0.8970070422535211
0.30017761989342806 0.34845360824742266 0.32251908396946566
0.3910355486862442 0.5216494845360825 0.4469964664310954
485
0.0001 0.2 0.9 0.5 0.3 0.2
0.7651672433679354 0.6997890295358651 0.6997890295358651
0.7897562990499793 0.743245869776482 0.7657955341944527 507 0.8952912019826518
0.7267950963222417 0.5273189326556544 0.6111929307805597
0.786593707250342 0.7306226175349428 0.7575757575757576 160 0.7811217510259918
0.6994949494949495 0.5770833333333333 0.632420091324201
0.7381738173817382 0.6989583333333333 0.7180310326377741 117 0.8712871287128713
0.35365853658536583 0.23917525773195877 0.28536285362853625
0.48166259168704156 0.4061855670103093 0.44071588366890385
485
0.0001 0.2 0.9 0.5 0.3 0.2
0.8053607214428857 0.703732078362701 0.703732078362701
0.8260966875559534 0.7173955296404276 0.767918443774056 476 0.8934646374216652
0.7534246575342466 0.4891994917407878 0.5932203389830509
0.8105263157894737 0.6848792884371029 0.7424242424242423 154 0.7684210526315789
0.726530612244898 0.55625 0.6300884955752212
0.762130177514793 0.6708333333333333 0.7135734072022161 110 0.8698224852071006
0.358974358974359 0.2020618556701031 0.2585751978891821
0.49127906976744184 0.34845360824742266 0.4077201447527141
485
0.0001 0.2 0.9 0.5 0.3 0.2
0.8012932106441184 0.7030329478507528 0.7030329478507528
0.8228774107736644 0.7214771622934888 0.7688483844241922 490 0.8913766348924851
0.7119856887298748 0.5057179161372299 0.5913818722139673
0.7719546742209632 0.6925031766200762 0.7300736771600804 147 0.7917847025495751
0.7049608355091384 0.5625 0.6257242178447276
0.7431818181818182 0.68125 0.7108695652173914 114 0.8704545454545455
0.33993399339933994 0.21237113402061855 0.2614213197969543
0.47229551451187335 0.36907216494845363 0.41435185185185186
485
