7192
0.9815 0.6265 0.7648 7059 11267 7192
0.0001 0.2 0.9 0.5 0.3
0.24245616675445858 0.34957144407073887 0.34957144407073887
0.29165493948775684 0.8056365403304179 0.42826884331249676 923 0.935054883197298
0.19812855980471927 0.6188055908513341 0.30015408320493064
0.24684753534581583 0.820838627700127 0.3795534665099882 159 0.9392434084829958
0.23857868020304568 0.6364583333333333 0.34706049417779045
0.28123848138591967 0.7947916666666667 0.4154641982031037 152 0.9439734611131588
0.05916870415647922 0.4416058394160584 0.10435532557136698
0.09030732860520095 0.6970802919708029 0.1598995395562997
274
0.0001 0.2 0.9 0.5 0.3 0.25
0.6714801444043321 0.6790930053804765 0.6790930053804765
0.7063020214030915 0.8081632653061225 0.7538071065989846 624 0.8940037370477323
0.6524633821571239 0.6226175349428208 0.6371911573472041
0.7064116985376828 0.7979669631512071 0.7494033412887828 138 0.8447694038245219
0.6302780638516993 0.6375 0.6338684619368202
0.6730418943533698 0.7697916666666667 0.718172983479106 127 0.8843351548269581
0.381651376146789 0.4288659793814433 0.40388349514563104
0.4573268921095008 0.5855670103092784 0.5135623869801086
485
0.0001 0.2 0.9 0.5 0.3 0.25
0.7038768751217611 0.7030550690795875 0.7030550690795875
0.7328646748681898 0.8104956268221575 0.7697277341947394 557 0.9021089630931459
0.7345132743362832 0.6327827191867853 0.6798634812286689
0.7763975155279503 0.7941550190597204 0.7851758793969849 127 0.8422360248447205
0.6721854304635762 0.634375 0.6527331189710612
0.7065217391304348 0.7447916666666666 0.7251521298174441 106 0.8952569169960475
0.39198218262806234 0.3628865979381443 0.3768736616702355
0.47701149425287354 0.51340206185567 0.49453823237338623
485
0.0001 0.2 0.9 0.5 0.3 0.25
0.6701331873745667 0.6913231695840392 0.6913231695840392
0.701058201058201 0.8241010689990281 0.757616367372465 567 0.90625
0.6917989417989417 0.6645489199491741 0.6779001944264419
0.7337142857142858 0.8157560355781448 0.772563176895307 119 0.864
0.6287726358148893 0.6510416666666666 0.6397134083930399
0.6654578422484134 0.7645833333333333 0.7115850702859914 109 0.9011786038077969
0.3545966228893058 0.38969072164948454 0.37131630648330066
0.4360655737704918 0.5484536082474227 0.48584474885844753
485
0.0001 0.2 0.9 0.5 0.3 0.25
0.6858273652468904 0.6963926896947662 0.6963926896947662
0.7177446664409075 0.8239067055393586 0.7671703918197448 600 0.8984083982390789
0.7142857142857143 0.6353240152477764 0.672494956287828
0.7599039615846338 0.8043202033036849 0.7814814814814814 133 0.8403361344537815
0.6412371134020619 0.6479166666666667 0.644559585492228
0.6777777777777778 0.7625 0.7176470588235294 110 0.8981481481481481
0.3679060665362035 0.38762886597938145 0.3775100401606426
0.44880546075085326 0.5422680412371134 0.49112978524743234
485
0.0001 0.2 0.9 0.5 0.3 0.25
0.6123003194888179 0.6721613327487944 0.6721613327487944
0.6410825199645075 0.8425655976676385 0.7281431090954901 502 0.9257616089914227
0.6369942196531792 0.7001270648030495 0.6670702179176756
0.6742738589211619 0.8259212198221093 0.7424328954882924 99 0.8973029045643154
0.5716753022452504 0.6895833333333333 0.6251180358829084
0.6050955414012739 0.7916666666666666 0.6859205776173285 98 0.9219745222929936
0.319364161849711 0.4556701030927835 0.37553101104502973
0.38107752956636004 0.5979381443298969 0.4654895666131621
485
