7192
0.9815 0.6265 0.7648 7059 11267 7192
0.0001 0.2 0.9 0.5 0.3
0.2308271706381813 0.341384373892349 0.341384373892349
0.27500968116690333 0.8281827016520894 0.4129076021125055 890 0.9425584097069833
0.41216216216216217 0.23252858958068615 0.29731925264013
0.625 0.5527318932655655 0.5866486850977748 252 0.6379310344827587
0.5069033530571992 0.2677083333333333 0.3503749147920927
0.6508379888268156 0.48541666666666666 0.5560859188544153 209 0.7081005586592178
0.15625 0.16423357664233576 0.1601423487544484
0.2915451895043732 0.36496350364963503 0.32414910858995133
274
0.0001 0.2 0.9 0.5 0.3 0.3
0.48431541395005534 0.5931896941389182 0.5931896941389182
0.5205855443732845 0.8847424684159378 0.6554827561379508 615 0.9296660567246111
0.4518927444794953 0.7280813214739518 0.5576642335766424
0.4971056439942113 0.8729351969504447 0.6334716459197787 114 0.9175108538350217
0.46558704453441296 0.71875 0.5651105651105651
0.5141104294478528 0.8729166666666667 0.6471042471042472 148 0.90920245398773
0.27824463118580767 0.6144329896907217 0.38303341902313626
0.33015597920277295 0.7855670103092783 0.46491763270286757
485
0.0001 0.2 0.9 0.5 0.3 0.3
0.4507748912922288 0.5729063341363185 0.5729063341363185
0.48169191919191917 0.889795918367347 0.6250255990169977 535 0.9437079124579124
0.42589928057553955 0.7522236340533672 0.5438677078548462
0.4637096774193548 0.8767471410419314 0.6065934065934065 98 0.9341397849462365
0.43221884498480245 0.740625 0.545873320537428
0.47380281690140846 0.8760416666666667 0.6149908592321756 130 0.9267605633802817
0.24752475247524752 0.6185567010309279 0.3535651149086624
0.29520865533230295 0.7876288659793814 0.4294547498594717
485
0.0001 0.2 0.9 0.5 0.3 0.3
0.5413658243080626 0.6103620791995251 0.6103620791995251
0.5892496295298397 0.8501457725947522 0.696053469127944 775 0.8955947730028291
0.5193312434691745 0.6315120711562897 0.5699541284403669
0.5881826320501343 0.8348157560355781 0.6901260504201681 160 0.8567591763652641
0.5279931093884582 0.6385416666666667 0.578029231494578
0.5913497390007457 0.8260416666666667 0.6892655367231638 180 0.8657718120805369
0.3209718670076726 0.5175257731958763 0.39621152328334647
0.3965909090909091 0.7195876288659794 0.5113553113553114
485
0.0001 0.2 0.9 0.5 0.3 0.3
0.4205354457033992 0.5548352956740309 0.5548352956740309
0.44935683658885184 0.9166180758017493 0.6030690537084399 522 0.9502620295378752
0.400909681611436 0.783989834815756 0.5305245055889939
0.43504901960784315 0.9021601016518425 0.5870194295163291 93 0.9430147058823529
0.41856586992773764 0.784375 0.5458499456324756
0.45149449396958574 0.896875 0.6006278339727938 108 0.9433665443104352
0.24053452115812918 0.668041237113402 0.3537117903930131
0.2800844475721323 0.8206185567010309 0.4176285414480588
485
0.0001 0.2 0.9 0.5 0.3 0.3
0.37524726928700436 0.5202718817076079 0.5202718817076079
0.39922256223637415 0.9381924198250728 0.5601067533070317 464 0.9616243486891076
0.35733919736118747 0.8259212198221093 0.49884881043745205
0.3869952805453592 0.9377382465057179 0.5478841870824053 88 0.9538542212899843
0.3722488038277512 0.8104166666666667 0.5101639344262295
0.4009132420091324 0.9145833333333333 0.5574603174603174 100 0.954337899543379
0.2077443146896128 0.6969072164948453 0.3200757575757576
0.2413184226015303 0.845360824742268 0.37545787545787546
485
