7192
0.9815 0.6265 0.7648 7059 11267 7192
0.0001 0.2 0.9 0.5 0.3
0.2664778578784758 0.3697088765851045 0.3697088765851045
0.3236527656880589 0.7949465500485908 0.4600157462602632 985 0.9220542850360054
0.2237093690248566 0.5946632782719187 0.3251128864188954
0.2839506172839506 0.818297331639136 0.4216039279869067 176 0.9223985890652557
0.2598669623059867 0.6104166666666667 0.36454121306376364
0.3120362737015664 0.7885416666666667 0.4471352628470172 171 0.9295136026380874
0.064314171883893 0.4124087591240876 0.11127523387493846
0.10554951033732318 0.708029197080292 0.18371212121212122
274
0.0001 0.2 0.9 0.5 0.3 0.35
0.34372240861734066 0.47270961083115776 0.47270961083115776
0.37975634178905204 0.8845481049562682 0.5313795317881954 658 0.9450934579439252
0.307154384077461 0.7255400254129606 0.43159486016628873
0.351460221550856 0.8869123252858958 0.5034258925351605 127 0.9360523665659617
0.3317513051732321 0.728125 0.455820019563091
0.37616304829419583 0.884375 0.5278209511967672 150 0.9335400974745237
0.18555490311215503 0.6515463917525773 0.28884826325411334
0.22253363228699552 0.8185567010309278 0.3499338915821948
485
0.0001 0.2 0.9 0.5 0.3 0.35
0.2819405966110431 0.42349753217845737 0.42349753217845737
0.305607476635514 0.9533527696793003 0.46284501061571126 529 0.9670404984423676
0.24505217704210147 0.8653113087674714 0.3819405496354459
0.26873475078424536 0.9796696315120712 0.4217724288840262 90 0.9686301847333566
0.2718954248366013 0.8666666666666667 0.41393034825870645
0.29359543436905516 0.9645833333333333 0.45017015070491 94 0.9701965757767914
0.15275105809926895 0.8185567010309278 0.2574578469520104
0.1728024042073629 0.9484536082474226 0.29234191293295203
485
0.0001 0.2 0.9 0.5 0.3 0.35
0.25695571852432403 0.39899165507649514 0.39899165507649514
0.2767151653860825 0.986977648202138 0.4322437861763705 488 0.9734074437360362
0.2323439099283521 0.8653113087674714 0.3663259817105971
0.256198347107438 0.9847522236340533 0.40661070304302205 94 0.9689256198347107
0.2618973561430793 0.8770833333333333 0.40335329341317366
0.2822141560798548 0.971875 0.4374120956399437 91 0.9724742891712038
0.14623499454347036 0.8288659793814434 0.24860853432282004
0.16565943832207608 0.9608247422680413 0.28259551243177683
485
0.0001 0.2 0.9 0.5 0.3 0.35
0.256673048766753 0.3980264594157971 0.3980264594157971
0.2784125075165364 0.9898931000971817 0.4345933953408994 535 0.9707538402667687
0.23407917383820998 0.8640406607369758 0.3683640303358613
0.2585804731756081 0.9860228716645489 0.40971488912354803 96 0.9680106631122959
0.2637920101458465 0.8666666666666667 0.4044725328147788
0.287292817679558 0.975 0.44381223328591746 104 0.9680785758133824
0.14805194805194805 0.822680412371134 0.2509433962264151
0.16962025316455695 0.9670103092783505 0.2886153846153846
485
0.0001 0.2 0.9 0.5 0.3 0.35
0.23363125125527215 0.371333945173776 0.371333945173776
0.25111623570972963 0.9947521865889213 0.40100289900493613 465 0.9771846327461852
0.21153846153846154 0.8805590851334181 0.34112724587743043
0.2323922734026746 0.9936467598475223 0.3766859344894027 89 0.9735512630014859
0.23855015453779152 0.884375 0.37574684664748836
0.2577376061353054 0.9802083333333333 0.40815441335935804 92 0.974801424267324
0.13223407694794698 0.843298969072165 0.2286193404136389
0.14928684627575278 0.9711340206185567 0.2587912087912088
485
