7192
0.9815 0.6265 0.7648 7059 11267 7192
0.0001 0.2 0.9 0.5 0.3
0.19515905328620645 0.317282513820192 0.317282513820192
0.210627934529817 0.9329446064139941 0.3436672155795804 438 0.9807802009741542
0.16183513990420972 0.8157560355781448 0.270088346655448
0.1777942631058358 0.9135959339263025 0.29766093976402397 77 0.9809594460929772
0.18609067173035843 0.8166666666666667 0.3031123139377538
0.20661730680240628 0.9302083333333333 0.3381294964028777 109 0.9747801943544655
0.05103757711721817 0.6642335766423357 0.09479166666666668
0.06390041493775933 0.843065693430657 0.11879660581126253
274
0.0001 0.2 0.9 0.5 0.3 0.4
0.24564953460137595 0.37866500311915163 0.37866500311915163
0.2682817406908928 0.9298347910592809 0.4164164164164164 535 0.969997756841633
0.2025931928687196 0.7941550190597204 0.32283057851239666
0.22665828355862935 0.9161372299872935 0.3634072580645161 96 0.9698208110657026
0.23228346456692914 0.7989583333333333 0.35992491787893016
0.25942156003505695 0.925 0.405201916495551 121 0.9646508910312591
0.12539184952978055 0.7422680412371134 0.2145411203814064
0.14475476839237056 0.8762886597938144 0.24846536100555394
485
0.0001 0.2 0.9 0.5 0.3 0.4
0.2547604967474867 0.39065971435048735 0.39065971435048735
0.27790511116204447 0.9426627793974732 0.4292605213081383 542 0.968943387577355
0.21592859594919328 0.7992376111817027 0.33999999999999997
0.24144802391232148 0.9237611181702668 0.3828330700368615 98 0.9674526735303886
0.24390243902439024 0.8020833333333334 0.3740587806655332
0.27247790307832975 0.93125 0.4215986795567084 124 0.9622066443157574
0.13316214233308876 0.7484536082474227 0.22609778885082527
0.15365329512893983 0.8845360824742268 0.26182483979249316
485
0.0001 0.2 0.9 0.5 0.3 0.4
0.24109694438338097 0.37590505976607685 0.37590505976607685
0.2617876617128194 0.9517978620019436 0.4106326778751415 510 0.9727360205281728
0.207462206497266 0.8195679796696315 0.3311088295687885
0.22975929978118162 0.9339263024142312 0.3687907676869041 90 0.9718662081900594
0.241203007518797 0.8354166666666667 0.37432905484247375
0.26443148688046647 0.9447916666666667 0.4132118451025057 105 0.9693877551020408
0.1320361362056984 0.7835051546391752 0.22598870056497175
0.15034013605442176 0.911340206185567 0.2581021897810219
485
0.0001 0.2 0.9 0.5 0.3 0.4
0.22937234641158116 0.36316514132987776 0.36316514132987776
0.24821597884125954 0.9667638483965014 0.39501270648030495 490 0.9755476820200609
0.203983101991551 0.8589580686149937 0.32967568885637644
0.22297496318114876 0.9618805590851334 0.36202773792443804 81 0.976141384388807
0.23406040268456377 0.871875 0.369047619047619
0.2532715376226827 0.9677083333333333 0.4014693171996543 92 0.9749182115594329
0.12849341471249598 0.8247422680412371 0.22234574763757642
0.14604973245199873 0.9567010309278351 0.25341343528126703
485
0.0001 0.2 0.9 0.5 0.3 0.4
0.22833458929917105 0.3628742514970059 0.3628742514970059
0.24617196702002356 0.9749271137026239 0.393088045139297 471 0.9768845700824499
0.20515896820635873 0.8691232528589581 0.3319582625576316
0.22310172969803577 0.9669631512071156 0.362553596950929 77 0.9774259747874524
0.2341842397336293 0.8791666666666667 0.3698510078878177
0.25203252032520324 0.96875 0.4 86 0.9766937669376694
0.12874442319949012 0.8329896907216495 0.22301959701904497
0.1453579243513598 0.9587628865979382 0.252442996742671
485
