7192
0.9815 0.6265 0.7648 7059 11267 7192
0.0001 0.2 0.9 0.5 0.3
0.23245952197378567 0.34941329856584097 0.34941329856584097
0.26873163565132224 0.8532555879494655 0.4087332991946372 772 0.9527424094025465
0.19228070175438597 0.6963151207115629 0.30134726422875996
0.2256979482004709 0.8526048284625158 0.3569148936170213 123 0.958627648839556
0.22337228714524207 0.696875 0.3383059418457649
0.25734355044699875 0.8395833333333333 0.393939393939394 137 0.9562579821200511
0.05589806822852446 0.49635036496350365 0.10048023642408571
0.08266773162939298 0.7554744525547445 0.1490280777537797
274
0.0001 0.2 0.9 0.5 0.3 0.45
0.18322005097706032 0.3007146592295625 0.3007146592295625
0.2032570860268523 0.9533527696793003 0.3350753150937596 592 0.975468257914802
0.14935217903415784 0.8055908513341804 0.25198728139904614
0.1696941825707059 0.9377382465057179 0.2873831775700934 104 0.9760864566567027
0.1784741144414169 0.81875 0.29306487695749445
0.20132450331125828 0.95 0.3322404371584699 126 0.9721854304635762
0.09623115577889448 0.7896907216494845 0.1715565509518477
0.1107540173053152 0.9237113402061856 0.1977924944812362
485
0.0001 0.2 0.9 0.5 0.3 0.45
0.1624118914575801 0.27344278423415114 0.27344278423415114
0.1786404985316238 0.9694849368318756 0.3016905071521456 541 0.9806245970918989
0.13747454175152748 0.8576874205844981 0.23696682464454974
0.15283056611322265 0.9707750952986023 0.26408572416176984 89 0.9821964392878576
0.16106989457243265 0.859375 0.27129233804669517
0.17870795107033638 0.9739583333333334 0.30200258397932817 110 0.9789755351681957
0.08795900939368062 0.8494845360824742 0.15941187850648098
0.09911429776465626 0.9690721649484536 0.17983546967667877
485
0.0001 0.2 0.9 0.5 0.3 0.45
0.158100401323664 0.26771184167386963 0.26771184167386963
0.1740632015195994 0.9795918367346939 0.2956011730205279 549 0.9810395441201865
0.1337579617834395 0.8538754764930114 0.23128549303045948
0.14966783899960923 0.9733163913595934 0.2594411515664691 94 0.9816334505666275
0.15881226053639846 0.8635416666666667 0.268284789644013
0.17570865402665664 0.975 0.2977572769206298 107 0.9799136474563545
0.0856544502617801 0.843298969072165 0.15551330798479088
0.09737440562332024 0.9711340206185567 0.1770011273957159
485
0.0001 0.2 0.9 0.5 0.3 0.45
0.1528634802041293 0.26094630757843196 0.26094630757843196
0.16741517783969842 0.9926141885325559 0.286507713884993 524 0.9828224881167021
0.13161875945537066 0.8843710292249047 0.2291358024691358
0.14583333333333334 0.9961880559085133 0.2544215479474282 88 0.9836309523809523
0.15152603231597844 0.8791666666666667 0.2584992343032159
0.16604905593788602 0.9802083333333333 0.2839897389467331 97 0.9828833598023645
0.08041479162590491 0.8474226804123711 0.1468906361686919
0.0919629057187017 0.9814432989690721 0.16816816816816815
485
0.0001 0.2 0.9 0.5 0.3 0.45
0.15076537344945895 0.2577770256930931 0.2577770256930931
0.16554831599079387 0.9926141885325559 0.28376951714174586 537 0.9825926286103277
0.13038527234769406 0.8729351969504447 0.22688243064729197
0.14594594594594595 0.9949174078780177 0.2545513654096229 96 0.9821062441752096
0.1512301013024602 0.8708333333333333 0.25770653514180025
0.1669034090909091 0.9791666666666666 0.28519417475728154 104 0.9815340909090909
0.08040993299172251 0.8412371134020619 0.14678899082568808
0.0923944757829216 0.979381443298969 0.16885886953430498
485
