7192
0.9815 0.6265 0.7648 7059 11267 7192
0.0001 0.2 0.9 0.5 0.3
0.2707205683355886 0.37727620955860686 0.37727620955860686
0.31650285351934054 0.7760932944606413 0.4496368447722538 792 0.9372225745085606
0.22944896115627822 0.6454891994917408 0.33855381539486834
0.2718736662398634 0.8094027954256671 0.40702875399361016 129 0.9449423815620999
0.25713032031592803 0.6104166666666667 0.3618400740969435
0.30357877416700946 0.76875 0.43526983190799173 152 0.9374742904154669
0.06505888951205833 0.4233576642335766 0.11278561011181333
0.09843158464034614 0.6642335766423357 0.1714554875176637
274
0.0001 0.2 0.9 0.5 0.3 0.5
0.18526927617836708 0.30036441270659253 0.30036441270659253
0.20547338588256134 0.901846452866861 0.33469181664081943 560 0.9752014879107254
0.14975124378109453 0.7649301143583227 0.25046806740170585
0.16978382317221277 0.8881829733163914 0.28507340946166393 97 0.9764391547243139
0.17894228447234967 0.771875 0.29053126837874926
0.20337394564198688 0.9041666666666667 0.3320581484315226 127 0.9702436738519212
0.09359077500670421 0.7195876288659794 0.16563834836260083
0.10982354490387147 0.8597938144329897 0.19476879962634283
485
0.0001 0.2 0.9 0.5 0.3 0.5
0.14614016841681485 0.24925612268253605 0.24925612268253605
0.15997755627434154 0.9420796890184645 0.27350957876026294 491 0.983794309855436
0.12082641579044456 0.832274459974587 0.2110180412371134
0.13361207053263044 0.9339263024142312 0.2337786259541985 80 0.9854571896018905
0.14270250766732817 0.8239583333333333 0.24327233584499464
0.15938439766495666 0.9385416666666667 0.2724935732647815 110 0.9805413055015036
0.07547907704341025 0.7958762886597938 0.13788176460082158
0.08567008315606266 0.9134020618556701 0.15664780763790667
485
0.0001 0.2 0.9 0.5 0.3 0.5
0.13239353019735867 0.2297116374871267 0.2297116374871267
0.14580411407199625 0.9698736637512148 0.2534989458711169 529 0.9845430107526881
0.10922725790674927 0.8513341804320204 0.1936136396474498
0.12224899598393574 0.9669631512071156 0.2170564746149458 91 0.9853815261044176
0.13270450479752804 0.85 0.22956815304543535
0.14849113843206133 0.96875 0.25751072961373395 114 0.9817978604502634
0.07154101801644219 0.843298969072165 0.13189293776201225
0.08070661586421891 0.9608247422680413 0.1489055759706023
485
0.0001 0.2 0.9 0.5 0.3 0.5
0.12523829258184832 0.21930333817126269 0.21930333817126269
0.1374397253929768 0.9805636540330418 0.24108764216763828 512 0.9860517067589288
0.10445703783121459 0.866581956797967 0.1864406779661017
0.11596613244632598 0.974587039390089 0.20726928793406296 85 0.9871484729361959
0.1274614562662189 0.8697916666666666 0.2223405671681534
0.1409678388938984 0.9770833333333333 0.24638823220383504 103 0.9845205891193267
0.06735496558505408 0.8474226804123711 0.124791255503264
0.07673588578844906 0.9752577319587629 0.14227703414047224
485
0.0001 0.2 0.9 0.5 0.3 0.5
0.12259017200360961 0.21493982835498873 0.21493982835498873
0.13589356888936766 0.9807580174927114 0.2387113560564846 563 0.9848378756867392
0.10156844830211664 0.8475222363405337 0.18139787870546642
0.11517696460707859 0.9758576874205845 0.20603621730382296 101 0.9848530293941212
0.1260009064813416 0.86875 0.22008180498746538
0.13952104715156924 0.9770833333333333 0.24417545229727972 104 0.9845307154544103
0.06645056726094004 0.845360824742268 0.12321562734785876
0.07588641103802342 0.9752577319587629 0.14081571896397735
485
