7192
0.9815 0.6265 0.7648 7059 11267 7192
0.0001 0.2 0.9 0.5 1.5
0.1976500747703482 0.3240630472854641 0.3240630472854641
0.20780426070449273 0.9574344023323615 0.3414904679376083 300 0.9873444421008226
0.17861799217731422 0.8703939008894537 0.2964084811769797
0.19023136246786632 0.940279542566709 0.3164421637802009 55 0.9858611825192802
0.19817073170731708 0.8802083333333334 0.3235068912710567
0.21039260969976906 0.9489583333333333 0.3444234404536862 66 0.984757505773672
0.060183895235441626 0.7883211678832117 0.11183018379497799
0.06745922034835498 0.8905109489051095 0.12541763042919557
274
0.0001 0.2 0.9 0.5 1.5 0.1
0.601010101010101 0.6539041035185676 0.6539041035185676
0.6303396226415094 0.8116618075801749 0.7096006796941378 487 0.9264905660377358
0.5793838862559242 0.6213468869123253 0.5996321275291233
0.6313603322949117 0.772554002541296 0.6948571428571428 119 0.8764278296988577
0.5818181818181818 0.6333333333333333 0.6064837905236907
0.6203301476976543 0.74375 0.6764566556134534 106 0.9079061685490878
0.2792321116928447 0.32989690721649484 0.3024574669187146
0.3675344563552833 0.4948453608247423 0.42179261862917394
485
0.0001 0.2 0.9 0.5 1.5 0.1
0.6910553158101216 0.6878844088645905 0.6878844088645905
0.7166756610901241 0.7743440233236152 0.7443946188340808 461 0.9170714157222523
0.6386206896551724 0.5883100381194409 0.6124338624338624
0.6862275449101797 0.7280813214739518 0.7065351418002467 110 0.8682634730538922
0.6310572687224669 0.596875 0.6134903640256959
0.6696252465483234 0.7072916666666667 0.6879432624113475 106 0.8954635108481263
0.2972972972972973 0.2721649484536082 0.28417653390742736
0.3965183752417795 0.422680412371134 0.40918163672654695
485
0.0001 0.2 0.9 0.5 1.5 0.1
0.7444781290601992 0.7042917136126191 0.7042917136126191
0.7641415150909454 0.7430515063168125 0.7534489554592039 385 0.923046172296622
0.7104377104377104 0.5362134688691232 0.6111513396089789
0.7574047954866009 0.6823379923761118 0.7179144385026738 115 0.8377997179125529
0.6723716381418093 0.5729166666666666 0.6186726659167604
0.707742639040349 0.6760416666666667 0.6915290356952584 99 0.8920392584514721
0.30985915492957744 0.2268041237113402 0.2619047619047619
0.4166666666666667 0.36082474226804123 0.38674033149171266
485
0.0001 0.2 0.9 0.5 1.5 0.1
0.7759024847632443 0.7034321538625014 0.7034321538625014
0.7953767123287672 0.7222546161321671 0.757054089844148 406 0.9130993150684932
0.6818923327895595 0.531130876747141 0.5971428571428571
0.7317744154057771 0.6759847522236341 0.702774108322325 114 0.8431911966987621
0.6862244897959183 0.5604166666666667 0.6169724770642202
0.7188571428571429 0.6552083333333333 0.6855585831062669 91 0.896
0.308411214953271 0.20412371134020618 0.2456575682382134
0.41114058355437666 0.31958762886597936 0.3596287703016241
485
0.0001 0.2 0.9 0.5 1.5 0.1
0.787070415765441 0.7038469804427252 0.7038469804427252
0.8059570740254052 0.7152575315840622 0.7579034085058182 405 0.9113009198423128
0.706959706959707 0.49047013977128334 0.5791447861965491
0.7615499254843517 0.6493011435832274 0.700960219478738 125 0.8137108792846498
0.7098092643051771 0.5427083333333333 0.615112160566706
0.7439903846153846 0.6447916666666667 0.6908482142857143 98 0.8822115384615384
0.3102189781021898 0.17525773195876287 0.22397891963109354
0.4341317365269461 0.29896907216494845 0.35409035409035405
485
