7192
0.9815 0.6265 0.7648 7059 11267 7192
0.0001 0.2 0.9 0.5 1.5
0.18400061953070548 0.3068677149591553 0.3068677149591553
0.1910793797021342 0.9675413022351798 0.31913324999198645 226 0.9913250422232458
0.16599382569460935 0.8881829733163914 0.2797118847539016
0.17636022514071295 0.9555273189326556 0.2977628192437141 53 0.9875703564727955
0.18428874734607217 0.9041666666666667 0.3061728395061728
0.19353484466834592 0.9604166666666667 0.3221523410202655 54 0.9886649874055415
0.0547945205479452 0.8029197080291971 0.10258801585451154
0.06180469715698393 0.9124087591240876 0.11576753878212549
274
0.0001 0.2 0.9 0.5 1.5 0.02
0.5747994336951392 0.6353677621283256 0.6353677621283256
0.6058617672790901 0.8075801749271136 0.6923269182704324 501 0.9269466316710411
0.5203665987780041 0.6493011435832274 0.577727529677784
0.5670955882352942 0.783989834815756 0.6581333333333335 106 0.9025735294117647
0.5229508196721312 0.6645833333333333 0.5853211009174312
0.558756633813495 0.7677083333333333 0.6467749012724879 99 0.9249431387414708
0.2543507362784471 0.3917525773195876 0.30844155844155846
0.3207317073170732 0.5422680412371134 0.40306513409961686
485
0.0001 0.2 0.9 0.5 1.5 0.02
0.6203975799481417 0.6567246111619396 0.6567246111619396
0.6490330829470993 0.789310009718173 0.7123311699701808 472 0.9245644877736935
0.5683962264150944 0.6124523506988564 0.5896024464831805
0.622680412371134 0.7674714104193139 0.6875355719977234 122 0.8742268041237113
0.5690298507462687 0.6354166666666666 0.6003937007874015
0.6097972972972973 0.7520833333333333 0.6735074626865671 112 0.9054054054054054
0.28052805280528054 0.35051546391752575 0.31164069660861593
0.36257309941520466 0.511340206185567 0.4242942686056458
485
0.0001 0.2 0.9 0.5 1.5 0.02
0.7018813314037626 0.6802244039270687 0.6802244039270687
0.7263757115749525 0.7440233236151603 0.7350936149783965 433 0.9178368121442125
0.6960132890365448 0.5324015247776366 0.6033117350611952
0.7454798331015299 0.6810673443456162 0.7118193891102257 117 0.8372739916550765
0.6920103092783505 0.559375 0.618663594470046
0.7281001137656428 0.6666666666666666 0.6960304513322457 103 0.8828213879408419
0.3333333333333333 0.22061855670103092 0.2655086848635235
0.43832020997375326 0.3443298969072165 0.3856812933025404
485
0.0001 0.2 0.9 0.5 1.5 0.02
0.7448653582838887 0.6852104544977433 0.6852104544977433
0.7675192347681431 0.7173955296404276 0.7416114124974884 427 0.9112081513828238
0.6545718432510885 0.5730622617534943 0.611111111111111
0.7013801756587202 0.7102922490470139 0.7058080808080808 108 0.8644918444165621
0.6549295774647887 0.58125 0.6158940397350994
0.6940686784599376 0.6947916666666667 0.6944299843831337 109 0.886576482830385
0.31202046035805625 0.2515463917525773 0.2785388127853881
0.4190064794816415 0.4 0.4092827004219409
485
0.0001 0.2 0.9 0.5 1.5 0.02
0.7337817313950965 0.6934590937051466 0.6934590937051466
0.7565959135092244 0.7413022351797862 0.7488709994109563 432 0.9143027177147391
0.7244897959183674 0.5412960609911055 0.6196363636363637
0.7702127659574468 0.6899618805590851 0.7278820375335121 117 0.8340425531914893
0.6934210526315789 0.5489583333333333 0.6127906976744186
0.7352272727272727 0.6739583333333333 0.7032608695652174 120 0.8636363636363636
0.3089700996677741 0.19175257731958764 0.23664122137404583
0.4540682414698163 0.35670103092783506 0.3995381062355658
485
