7192
0.9815 0.6265 0.7648 7059 11267 7192
0.0001 0.2 0.9 0.5 0.3
0.19511063691608294 0.3150325818290765 0.3150325818290765
0.21406894052633962 0.9185617103984451 0.3472191609727426 520 0.9764460751007836
0.4355300859598854 0.193138500635324 0.2676056338028169
0.6754530477759473 0.5209656925031766 0.5882352941176472 258 0.5749588138385503
0.5221674876847291 0.22083333333333333 0.3103953147877013
0.6835236541598695 0.43645833333333334 0.5327399872854418 207 0.6623164763458401
0.17699115044247787 0.145985401459854 0.16
0.33093525179856115 0.3357664233576642 0.3333333333333333
274
0.0001 0.2 0.9 0.5 0.3 0.02
0.8312335958005249 0.7073143495254047 0.7073143495254047
0.8528940745824755 0.7245869776482021 0.7835224884405212 561 0.8716540837336993
0.7050243111831442 0.5527318932655655 0.6196581196581197
0.7719298245614035 0.7827191867852605 0.7772870662460567 181 0.7731829573934837
0.6623067776456599 0.5802083333333333 0.6185452526374237
0.716566866267465 0.7479166666666667 0.7319062181447502 161 0.8393213572854291
0.37708830548926014 0.32577319587628867 0.3495575221238938
0.49221789883268485 0.5216494845360825 0.5065065065065066
485
0.0001 0.2 0.9 0.5 0.3 0.02
0.8545403587443946 0.6998737518650293 0.6998737518650293
0.8752103871122866 0.7074829931972789 0.7824591573516767 591 0.8578985333012743
0.8072033898305084 0.4841168996188056 0.6052422557585385
0.8606431852986217 0.7141041931385006 0.7805555555555556 181 0.7228177641653905
0.7514619883040936 0.5354166666666667 0.6253041362530414
0.791921664626683 0.6739583333333333 0.7281935846933033 133 0.8372093023255814
0.3881856540084388 0.18969072164948453 0.2548476454293629
0.5510835913312694 0.3670103092783505 0.44059405940594065
485
0.0001 0.2 0.9 0.5 0.3 0.02
0.8571030640668523 0.7045220377790499 0.7045220377790499
0.8773314203730272 0.7131195335276967 0.7867481505307172 592 0.8584409373505499
0.8025751072961373 0.47522236340533675 0.5969672785315243
0.8499184339314845 0.662007623888183 0.7442857142857142 147 0.7601957585644372
0.755192878338279 0.5302083333333333 0.6230110159118727
0.789272030651341 0.64375 0.7091222030981068 109 0.8607918263090677
0.35348837209302325 0.15670103092783505 0.21714285714285717
0.5070921985815603 0.2948453608247423 0.3728813559322034
485
0.0001 0.2 0.9 0.5 0.3 0.02
0.8860645933014354 0.6980798680645541 0.6980798680645541
0.9001572327044025 0.6676384839650146 0.7666555071978575 472 0.8763102725366876
0.8429951690821256 0.4434561626429479 0.5811823480432973
0.8811700182815356 0.6124523506988564 0.7226386806596702 133 0.7568555758683729
0.7616747181964574 0.49270833333333336 0.5983554712207464
0.7991858887381276 0.6135416666666667 0.6941661756040071 116 0.8426051560379919
0.29069767441860467 0.10309278350515463 0.15220700152207
0.4830508474576271 0.23505154639175257 0.31622746185852985
485
0.0001 0.2 0.9 0.5 0.3 0.02
0.8972477064220183 0.6973262032085561 0.6973262032085561
0.9100160685591858 0.6604470359572401 0.7654015091789615 464 0.8757364756293519
0.8851540616246498 0.40152477763659467 0.5524475524475525
0.917004048582996 0.5756035578144854 0.7072599531615925 137 0.7226720647773279
0.8492366412213741 0.4635416666666667 0.5997304582210242
0.8755905511811024 0.5791666666666667 0.69717868338558 111 0.8251968503937008
0.38372093023255816 0.06804123711340206 0.11558669001751314
0.6074074074074074 0.16907216494845362 0.264516129032258
485
