7192
0.9815 0.6265 0.7648 7059 11267 7192
0.0001 0.2 0.9 0.5 1.5
0.18999668489971822 0.3132151518256652 0.3132151518256652
0.20098920863309352 0.9556851311953353 0.33212874463845454 332 0.986429038587312
0.16679003207500617 0.8589580686149937 0.27933884297520667
0.1795432458697765 0.9390088945362135 0.30144809300428316 63 0.9846938775510204
0.18568232662192394 0.8645833333333334 0.30570902394106814
0.20052712497254557 0.9510416666666667 0.3312171231634318 83 0.9817702613661322
0.055438780872306886 0.7700729927007299 0.10343137254901962
0.06526261050442017 0.916058394160584 0.12184466019417475
274
0.0001 0.2 0.9 0.5 1.5 0.03
0.4133137542829173 0.5497395833333333 0.5497395833333333
0.43901525788636153 0.9115646258503401 0.5926206722264341 468 0.9561920808761584
0.4083277367360645 0.772554002541296 0.5342706502636204
0.4441640378548896 0.8945362134688691 0.5935919055649241 96 0.9394321766561514
0.4053318824809576 0.7760416666666666 0.5325232308791994
0.4357253484770263 0.8791666666666667 0.5826717293752157 99 0.9488900361383583
0.22351233671988388 0.6350515463917525 0.3306494900697799
0.26053904630269525 0.777319587628866 0.3902691511387164
485
0.0001 0.2 0.9 0.5 1.5 0.03
0.6957268218237314 0.702223933763358 0.702223933763358
0.7193877551020408 0.7947521865889213 0.7551943854464863 442 0.922237860661506
0.6137689614935823 0.6683608640406608 0.6399026763990269
0.6534031413612565 0.7928843710292249 0.7164179104477613 98 0.8973821989528796
0.5876565295169947 0.684375 0.6323387872954764
0.6193228736581338 0.78125 0.6909258406264395 93 0.9232039636663915
0.3234836702954899 0.4288659793814433 0.36879432624113473
0.3873239436619718 0.5670103092783505 0.4602510460251046
485
0.0001 0.2 0.9 0.5 1.5 0.03
0.7189580885233059 0.7162228075309727 0.7162228075309727
0.7417206623470123 0.8009718172983479 0.7702083917390898 450 0.9190064794816415
0.6883308714918759 0.5921219822109276 0.6366120218579235
0.7345911949685534 0.7420584498094028 0.7383059418457648 118 0.8515723270440252
0.6707317073170732 0.6302083333333334 0.6498388829215896
0.7024048096192385 0.7302083333333333 0.7160367722165475 96 0.9038076152304609
0.37122969837587005 0.32989690721649484 0.3493449781659389
0.45582329317269077 0.46804123711340206 0.46185147507629704
485
0.0001 0.2 0.9 0.5 1.5 0.03
0.7119639710201684 0.7093250097541944 0.7093250097541944
0.7344765342960289 0.7908649173955297 0.7616284510996725 433 0.921841155234657
0.6410256410256411 0.6353240152477764 0.6381620931716656
0.68 0.7560355781448539 0.7160048134777376 95 0.8914285714285715
0.6111645813282002 0.6614583333333334 0.6353176588294147
0.6434245366284201 0.759375 0.6966077400860009 94 0.9170344218887908
0.32978723404255317 0.3835051546391753 0.3546234509056244
0.4028436018957346 0.5257731958762887 0.45617173524150273
485
0.0001 0.2 0.9 0.5 1.5 0.03
0.7409043112513144 0.7117171717171717 0.7117171717171717
0.761748211177722 0.7655976676384839 0.763668088406359 416 0.9195513440340359
0.6859623733719248 0.602287166454892 0.6414073071718539
0.7280701754385965 0.7382465057179162 0.7331230283911672 107 0.8659147869674185
0.6542669584245077 0.6229166666666667 0.6382070437566701
0.6874381800197824 0.7239583333333334 0.7052257737189244 97 0.904055390702275
0.34977578475336324 0.3216494845360825 0.3351235230934479
0.4324853228962818 0.4556701030927835 0.4437751004016064
485
