7192
0.9815 0.6265 0.7648 7059 11267 7192
0.0001 0.2 0.9 0.5 1.5
0.1923092573753815 0.3180349932705249 0.3180349932705249
0.20005642203683552 0.9648202137998056 0.33139728953868747 238 0.9904082537379599
0.17578972751386546 0.9263024142312579 0.2955006080259424
0.18327359617682198 0.974587039390089 0.30852775543041033 38 0.9909199522102748
0.18832834544677213 0.9177083333333333 0.3125221709826179
0.1977604056623706 0.975 0.3288248726506236 55 0.9883794633424889
0.05639476334340383 0.8175182481751825 0.10551106924163918
0.06440339490763854 0.9416058394160584 0.1205607476635514
274
0.0001 0.2 0.9 0.5 1.5 0.04
0.3873282576354249 0.5341539946898384 0.5341539946898384
0.4080493785406274 0.9379980563654033 0.5687013905255716 400 0.9661790817620698
0.38713519952352593 0.8259212198221093 0.527169505271695
0.4163357912648894 0.9326556543837357 0.5756862745098039 84 0.9523539421440727
0.3837994214079074 0.8291666666666667 0.5247198417930126
0.4096997690531178 0.9239583333333333 0.5676800000000001 91 0.9579676674364896
0.2183406113537118 0.7216494845360825 0.33524904214559387
0.24925104853205513 0.8577319587628865 0.3862581244196843
485
0.0001 0.2 0.9 0.5 1.5 0.04
0.4845217391304348 0.6069716775599128 0.6069716775599128
0.5095962938451357 0.8979591836734694 0.6502005488705933 441 0.9513567174056916
0.48440065681444994 0.7496823379923762 0.5885286783042394
0.5292353823088456 0.8970775095298602 0.6657237152286658 116 0.9130434782608695
0.4693745970341715 0.7583333333333333 0.5798486658701711
0.5030193236714976 0.8677083333333333 0.6368501529051988 105 0.9365942028985508
0.2627197039777983 0.5855670103092784 0.3627075351213282
0.31055363321799306 0.7402061855670103 0.4375380865326021
485
0.0001 0.2 0.9 0.5 1.5 0.04
0.5373617480442406 0.6344454176287921 0.6344454176287921
0.5651071383288957 0.8662779397473275 0.6840085942295887 473 0.9400278940027894
0.5158946412352406 0.7217280813214739 0.6016949152542374
0.5638297872340425 0.8754764930114358 0.6859133897461424 121 0.9009819967266776
0.493361285814116 0.7354166666666667 0.590547887913007
0.5295262816353018 0.85 0.6525389844062375 110 0.9286177806619078
0.27007299270072993 0.534020618556701 0.3587257617728532
0.3275696445725264 0.7030927835051546 0.4469200524246395
485
0.0001 0.2 0.9 0.5 1.5 0.04
0.5611087175068218 0.6453584407003634 0.6453584407003634
0.5891368647485883 0.8517006802721089 0.6964952713979179 475 0.9361387469749933
0.5251184834123223 0.7039390088945362 0.6015200868621065
0.5754237288135593 0.8627700127064803 0.6903914590747331 125 0.8940677966101694
0.5102189781021897 0.728125 0.5999999999999999
0.5450847457627118 0.8375 0.6603696098562628 105 0.9288135593220339
0.28013392857142855 0.5175257731958763 0.3635047067342506
0.337782340862423 0.6783505154639176 0.45099383139136395
485
0.0001 0.2 0.9 0.5 1.5 0.04
0.5704628949301984 0.6497071129707114 0.6497071129707114
0.5967719685473859 0.8408163265306122 0.6980797159916088 444 0.9387501724375776
0.5534391534391534 0.6645489199491741 0.6039260969976905
0.6078066914498141 0.8310038119440915 0.7020933977455716 131 0.8782527881040892
0.5309734513274337 0.6875 0.5991829323649569
0.5671863400148478 0.7958333333333333 0.6623320329432162 104 0.9227913882702301
0.2772020725388601 0.44123711340206184 0.3404932378679395
0.3419811320754717 0.5979381443298969 0.4351087771942986
485
