7192
0.9815 0.6265 0.7648 7059 11267 7192
0.0001 0.2 0.9 0.5 1.5
0.1932010593496288 0.3158492440911349 0.3158492440911349
0.20622784161291702 0.9383867832847425 0.3381425970023813 378 0.9838537439665115
0.17389150359177608 0.8919949174078781 0.291044776119403
0.1829985301322881 0.9491740787801779 0.3068391866913124 45 0.9889759921607055
0.18867092792594226 0.8916666666666667 0.311442605057304
0.19926038720904937 0.9541666666666667 0.32967428468598164 60 0.9869480095714597
0.05660867307192937 0.7956204379562044 0.10569696969696969
0.06414219474497682 0.9087591240875912 0.11982675649663138
274
0.0001 0.2 0.9 0.5 1.5 0.05
0.6083263946711074 0.6552466367713005 0.6552466367713005
0.6405318661164603 0.8145772594752186 0.7171457905544147 538 0.917774721075959
0.5418410041841004 0.6581956797966964 0.5943775100401607
0.5974264705882353 0.8259212198221093 0.6933333333333334 132 0.8786764705882353
0.5380165289256198 0.678125 0.6
0.5787490580256217 0.8 0.6716222125054657 117 0.9118311981914092
0.2832214765100671 0.4350515463917526 0.343089430894309
0.3542926239419589 0.6041237113402061 0.4466463414634146
485
0.0001 0.2 0.9 0.5 1.5 0.05
0.6747191011235955 0.6872675250357653 0.6872675250357653
0.7001553599171414 0.7883381924198251 0.741634668129457 453 0.92180217503884
0.6223958333333334 0.6073697585768743 0.6147909967845661
0.6734234234234234 0.7598475222363406 0.7140298507462687 120 0.8648648648648649
0.5950248756218905 0.6229166666666667 0.608651399491094
0.6353046594982079 0.7385416666666667 0.6830443159922929 111 0.9005376344086021
0.2933579335793358 0.32783505154639175 0.30963972736124634
0.37925445705024313 0.4824742268041237 0.4246823956442832
485
0.0001 0.2 0.9 0.5 1.5 0.05
0.712753036437247 0.6982647496281607 0.6982647496281607
0.7377564221031233 0.7758989310009718 0.7563471011746874 471 0.9129550914803178
0.7013201320132013 0.5400254129606099 0.6101938262742282
0.7496542185338866 0.6886912325285895 0.7178807947019867 117 0.8381742738589212
0.6654501216545012 0.5697916666666667 0.6139169472502806
0.7046186895810956 0.6833333333333333 0.6938127974616606 109 0.882921589688507
0.31129476584022037 0.2329896907216495 0.2665094339622642
0.4226327944572748 0.37731958762886597 0.39869281045751637
485
0.0001 0.2 0.9 0.5 1.5 0.05
0.7314756174794174 0.7012750455373407 0.7012750455373407
0.7546296296296297 0.7603498542274052 0.7574789427824572 447 0.9137731481481481
0.6515373352855052 0.565438373570521 0.6054421768707483
0.7039800995024875 0.7191867852604829 0.711502199874293 121 0.849502487562189
0.6447963800904978 0.59375 0.6182212581344904
0.6815415821501014 0.7 0.6906474820143884 102 0.896551724137931
0.30952380952380953 0.26804123711340205 0.287292817679558
0.4057377049180328 0.40824742268041236 0.40698869475847893
485
0.0001 0.2 0.9 0.5 1.5 0.05
0.791403593977659 0.7036597214725252 0.7036597214725252
0.8119527145359019 0.7208940719144801 0.7637187274786369 450 0.9014886164623468
0.7135678391959799 0.5412960609911055 0.615606936416185
0.7577903682719547 0.6797966963151207 0.7166778298727394 109 0.8456090651558074
0.68375 0.5697916666666667 0.6215909090909092
0.7201327433628318 0.678125 0.6984978540772532 104 0.8849557522123894
0.3264705882352941 0.2288659793814433 0.26909090909090905
0.43734643734643736 0.3670103092783505 0.3991031390134529
485
