7192
0.9815 0.6265 0.7648 7059 11267 7192
0.0001 0.2 0.9 0.5 1.5
0.19503399104626098 0.32150056373637637 0.32150056373637637
0.20315962248666394 0.962293488824101 0.3354904285956294 246 0.9899056216659827
0.17612624077373376 0.8792884371029225 0.2934690415606446
0.186887716654107 0.9453621346886912 0.31208053691275167 52 0.9869379552876162
0.18915879442195233 0.8760416666666667 0.31113577506474294
0.2006651884700665 0.9427083333333334 0.33089579524680074 64 0.985809312638581
0.05570291777188329 0.7664233576642335 0.10385756676557864
0.06365071015255129 0.8832116788321168 0.11874386653581943
274
0.0001 0.2 0.9 0.5 1.5 0.06
0.5738908872901679 0.6480494203266481 0.6480494203266481
0.6042594654788419 0.8437317784256559 0.7041933652364344 512 0.9287305122494433
0.5687973997833152 0.6670902160101652 0.6140350877192983
0.6147144240077445 0.806861499364676 0.6978021978021978 110 0.89351403678606
0.5576430401366353 0.6802083333333333 0.6128578132332237
0.5949960906958561 0.7927083333333333 0.6797677534613668 108 0.9155590304925724
0.301699716713881 0.43917525773195876 0.35768261964735515
0.3695652173913043 0.5958762886597938 0.4561957379636938
485
0.0001 0.2 0.9 0.5 1.5 0.06
0.6394663894663895 0.6761930933406614 0.6761930933406614
0.6638126009693053 0.7986394557823129 0.7250110277900309 418 0.9324717285945072
0.6087470449172577 0.6543837357052097 0.6307409675443969
0.651578947368421 0.7865311308767471 0.7127230857800806 104 0.8905263157894737
0.5727190605239386 0.6604166666666667 0.6134494436381228
0.6071428571428571 0.7614583333333333 0.6756007393715342 97 0.9194352159468439
0.29513343799058084 0.38762886597938145 0.33511586452762926
0.3649222065063649 0.5319587628865979 0.4328859060402684
485
0.0001 0.2 0.9 0.5 1.5 0.06
0.7223849372384937 0.6958186397984887 0.6958186397984887
0.7464654184180359 0.7593780369290574 0.7528663647750264 454 0.9132594573939625
0.6835066864784547 0.5844980940279543 0.6301369863013699
0.7279693486590039 0.7242693773824651 0.7261146496815287 110 0.859514687100894
0.6360655737704918 0.60625 0.6208
0.6706231454005934 0.70625 0.6879756468797564 96 0.9050445103857567
0.3163716814159292 0.2948453608247423 0.3052294557097118
0.39766081871345027 0.42061855670103093 0.40881763527054105
485
0.0001 0.2 0.9 0.5 1.5 0.06
0.7084670947030498 0.6972060420574588 0.6972060420574588
0.7308262319377548 0.7667638483965015 0.7483638433083561 414 0.9233049277510189
0.6267696267696268 0.6188055908513341 0.6227621483375959
0.6685714285714286 0.7433290978398983 0.703971119133574 98 0.888
0.5988023952095808 0.625 0.6116207951070336
0.6281221091581869 0.7072916666666667 0.6653601175894169 79 0.9269195189639223
0.28867924528301886 0.3154639175257732 0.30147783251231525
0.35111876075731496 0.42061855670103093 0.3827392120075046
485
0.0001 0.2 0.9 0.5 1.5 0.06
0.7194214876033058 0.6974461692538808 0.6974461692538808
0.7414810584427945 0.7570456754130224 0.7491825351029043 413 0.9213782600418808
0.6819620253164557 0.5476493011435832 0.6074700493305145
0.7302013422818792 0.6912325285895807 0.7101827676240209 113 0.8483221476510067
0.6619883040935672 0.5895833333333333 0.6236914600550965
0.6925531914893617 0.678125 0.6852631578947368 85 0.9095744680851063
0.3230769230769231 0.2597938144329897 0.28800000000000003
0.4 0.3628865979381443 0.38054054054054054
485
