7192
0.9815 0.6265 0.7648 7059 11267 7192
0.0001 0.2 0.9 0.5 1.5
0.20401636645816676 0.32853680702817334 0.32853680702817334
0.2188942218940373 0.921865889212828 0.3537836124268079 405 0.9813088425327672
0.1788787483702738 0.8716645489199492 0.29684119428818695
0.19111225276136656 0.9453621346886912 0.317948717948718 58 0.9851014641664526
0.1937628984177941 0.8802083333333334 0.3176094719037775
0.20632054176072234 0.9520833333333333 0.33914656771799623 69 0.9844243792325057
0.057065217391304345 0.7664233576642335 0.1062215477996965
0.06620021528525297 0.8978102189781022 0.12330827067669173
274
0.0001 0.2 0.9 0.5 1.5 0.07
0.4889978474049271 0.6054638335677797 0.6054638335677797
0.5160267300940083 0.8855199222546162 0.6520681265206811 467 0.947106127534262
0.4904246461282265 0.7484116899618806 0.5925553319919517
0.5313935681470138 0.8818297331639136 0.6631629240324893 105 0.9196018376722818
0.47484909456740443 0.7375 0.5777233782129743
0.5100125156445557 0.8489583333333334 0.63721657544957 107 0.9330413016270338
0.25638506876227896 0.5381443298969072 0.3473053892215569
0.3099361896080219 0.7010309278350515 0.4298356510745891
485
0.0001 0.2 0.9 0.5 1.5 0.07
0.5917677776071264 0.6611187371310914 0.6611187371310914
0.6201771934838526 0.8435374149659864 0.7148151198221199 487 0.9304086881966276
0.6047337278106509 0.6493011435832274 0.6262254901960785
0.6563786008230452 0.8106734434561627 0.7254121660034111 127 0.8693415637860082
0.5787578757875788 0.6697916666666667 0.6209560598744568
0.6179591836734694 0.7885416666666667 0.6929061784897026 114 0.9069387755102041
0.31530139103554866 0.42061855670103093 0.3604240282685512
0.38980716253443526 0.5835051546391753 0.4673823286540049
485
0.0001 0.2 0.9 0.5 1.5 0.07
0.621222076215506 0.6733730971245437 0.6733730971245437
0.6466441924609255 0.8202137998056366 0.7231599691543141 438 0.9328838492185105
0.6317169069462647 0.6124523506988564 0.6219354838709678
0.6806818181818182 0.761118170266836 0.7186562687462508 117 0.8670454545454546
0.6019512195121951 0.6427083333333333 0.6216624685138539
0.6386182462356067 0.7510416666666667 0.6902824317855434 104 0.9078830823737821
0.31115107913669066 0.35670103092783506 0.33237271853986555
0.39206349206349206 0.5092783505154639 0.4430493273542601
485
0.0001 0.2 0.9 0.5 1.5 0.07
0.6385480572597138 0.6804685371833288 0.6804685371833288
0.6644518272425249 0.8163265306122449 0.7326007326007327 453 0.9283341243474134
0.5909604519774011 0.6645489199491741 0.6255980861244018
0.6317395727365208 0.7890724269377383 0.7016949152542373 98 0.9003051881993896
0.549831081081081 0.678125 0.6072761194029851
0.5832681782642689 0.7770833333333333 0.6663689146940599 95 0.9257232212666145
0.2841068917018284 0.41649484536082476 0.3377926421404682
0.3474358974358974 0.5587628865979382 0.42845849802371544
485
0.0001 0.2 0.9 0.5 1.5 0.07
0.6741054961268904 0.6917762846597899 0.6917762846597899
0.6993875467846207 0.7990281827016521 0.7458949469291482 456 0.9224225927186118
0.6174016686531585 0.6581956797966964 0.6371463714637146
0.6577825159914712 0.783989834815756 0.7153623188405798 99 0.894456289978678
0.5803156917363046 0.6510416666666666 0.6136475208640156
0.6149914821124361 0.7520833333333333 0.676663542642924 97 0.9173764906303237
0.28903654485049834 0.35876288659793815 0.3201471941122355
0.36592592592592593 0.5092783505154639 0.4258620689655172
485
