7192
0.9815 0.6265 0.7648 7059 11267 7192
0.0001 0.2 0.9 0.5 1.5
0.19564672459893048 0.32206595371548435 0.32206595371548435
0.20402679014387298 0.9591836734693877 0.33648109637609513 252 0.9895816107160575
0.1768813033359193 0.8691232528589581 0.293940696175333
0.18801020408163266 0.9364675984752223 0.31315062672615257 53 0.9864795918367347
0.19293415921082818 0.8760416666666667 0.31622485429592034
0.20533092387621413 0.946875 0.3374791163913124 68 0.9846397108651457
0.05674721694270975 0.7627737226277372 0.10563558251200403
0.06537530266343826 0.8868613138686131 0.12177399148083187
274
0.0001 0.2 0.9 0.5 1.5 0.08
0.5385777045579352 0.6312655885429238 0.6312655885429238
0.5671603348358016 0.8559766763848397 0.682261812548412 481 0.9380553766902768
0.5353846153846153 0.6632782719186785 0.5925085130533485
0.5863013698630137 0.8157560355781448 0.6822529224229543 120 0.8904109589041096
0.5187207488299532 0.6927083333333334 0.5932203389830508
0.5528985507246377 0.7947916666666667 0.6521367521367522 98 0.9289855072463769
0.27037037037037037 0.4515463917525773 0.33822393822393826
0.32840909090909093 0.5958762886597938 0.42344322344322344
485
0.0001 0.2 0.9 0.5 1.5 0.08
0.6062101910828025 0.6664332603938731 0.6664332603938731
0.6302885334130662 0.8194363459669582 0.7125232381274293 409 0.9388548362984004
0.5263671875 0.6848792884371029 0.5952512424075097
0.5741878841088675 0.8310038119440915 0.6791277258566978 115 0.8990342405618964
0.5059612518628912 0.7072916666666667 0.5899218071242397
0.5383008356545961 0.8052083333333333 0.6452420701168614 94 0.9345403899721448
0.2644341801385681 0.47216494845360824 0.3390081421169504
0.31871657754010696 0.6144329896907217 0.4197183098591549
485
0.0001 0.2 0.9 0.5 1.5 0.08
0.6735683641111733 0.6874167142585189 0.6874167142585189
0.7001370801919122 0.7941690962099125 0.7441945178034787 475 0.9186086360520904
0.6676470588235294 0.576874205844981 0.6189502385821404
0.7175 0.7293519695044473 0.7233774417139256 120 0.85
0.6101871101871101 0.6114583333333333 0.610822060353798
0.6462264150943396 0.7135416666666666 0.6782178217821782 98 0.9075471698113208
0.29577464788732394 0.3030927835051546 0.29938900203665986
0.3761140819964349 0.4350515463917526 0.40344168260038243
485
0.0001 0.2 0.9 0.5 1.5 0.08
0.7413755218633268 0.695957095709571 0.695957095709571
0.7676209279368214 0.7556851311953353 0.7616062683643486 514 0.8985192497532083
0.6357340720221607 0.5832274459974587 0.6083499005964215
0.6854066985645934 0.7280813214739518 0.7060998151571165 114 0.8636363636363636
0.6008273009307136 0.6052083333333333 0.6030098598858329
0.6361922714420358 0.703125 0.6679861454725383 94 0.9114043355325165
0.27419354838709675 0.2804123711340206 0.27726809378185524
0.3594306049822064 0.41649484536082476 0.3858643744030564
485
0.0001 0.2 0.9 0.5 1.5 0.08
0.7308657465495608 0.7041402236325173 0.7041402236325173
0.7515444015444015 0.7566569484936831 0.7540920096852299 398 0.9231660231660231
0.659942363112392 0.5819567979669632 0.6185010128291695
0.7061021170610212 0.7204574332909784 0.7132075471698113 109 0.8642590286425903
0.5993914807302231 0.615625 0.6073997944501541
0.6328996282527881 0.709375 0.6689587426326129 90 0.9163568773234201
0.2862669245647969 0.30515463917525776 0.2954091816367266
0.359375 0.4268041237113402 0.39019792648444857
485
