7192
0.9815 0.6265 0.7648 7059 11267 7192
0.0001 0.2 0.9 0.5 1.5
0.18661445929035644 0.30904472224079155 0.30904472224079155
0.19657097288676237 0.9582118561710399 0.32622001654259725 307 0.9877591706539075
0.1678849902534113 0.8754764930114358 0.28174197505622567
0.18007202881152462 0.9529860228716646 0.30290791599353795 61 0.9853541416566627
0.18458820931773018 0.8708333333333333 0.3046092184368737
0.19787141615986098 0.9489583333333333 0.3274622573687994 75 0.9837098175499566
0.05567063697566028 0.7846715328467153 0.10396518375241778
0.06367137355584082 0.9051094890510949 0.11897337491005036
274
0.0001 0.2 0.9 0.5 1.5 0.09
0.45396755808855765 0.5805592543275632 0.5805592543275632
0.47750393287886733 0.8849368318756073 0.6202997275204359 411 0.9568956476140534
0.4454477050413845 0.7522236340533672 0.5595463137996219
0.4813511611541168 0.8691232528589581 0.6195652173913043 92 0.9352568613652358
0.44499381953028433 0.75 0.5585725368502716
0.4788160185722577 0.859375 0.6149832277301529 105 0.93905977945444
0.23867595818815332 0.5649484536082474 0.3355786895284752
0.28769356153219233 0.7278350515463917 0.4123831775700934
485
0.0001 0.2 0.9 0.5 1.5 0.09
0.570543093270366 0.6486033050918548 0.6486033050918548
0.5978996821887522 0.8410106899902818 0.6989177838798255 461 0.9362995716457095
0.580316742081448 0.6518424396442185 0.6140035906642729
0.6271356783919598 0.7928843710292249 0.7003367003367004 111 0.8884422110552764
0.5470588235294118 0.678125 0.6055813953488373
0.5847457627118644 0.790625 0.6722763507528786 108 0.9167950693374423
0.2958904109589041 0.44536082474226807 0.35555555555555557
0.35830212234706615 0.5917525773195876 0.4463452566096423
485
0.0001 0.2 0.9 0.5 1.5 0.09
0.6637342908438061 0.6900606626224919 0.6900606626224919
0.6886635638297872 0.8052478134110788 0.7424065943911837 446 0.9258643617021277
0.634020618556701 0.625158831003812 0.6295585412667947
0.6801801801801802 0.7674714104193139 0.7211940298507463 112 0.8738738738738738
0.603578154425612 0.6677083333333333 0.6340257171117705
0.6345486111111112 0.7614583333333333 0.6922348484848485 90 0.921875
0.334453781512605 0.41030927835051545 0.36851851851851847
0.39356814701378257 0.5298969072164949 0.45166959578207383
485
0.0001 0.2 0.9 0.5 1.5 0.09
0.6752073732718894 0.6930936613055818 0.6930936613055818
0.6987519234057104 0.7943634596695821 0.7434964526105149 424 0.927508975893315
0.6234718826405868 0.6480304955527318 0.6355140186915887
0.6619099890230515 0.7662007623888183 0.7102473498233216 93 0.897914379802415
0.5800359712230215 0.671875 0.6225868725868725
0.6095317725752508 0.759375 0.6762523191094619 84 0.9297658862876255
0.309375 0.40824742268041236 0.352
0.3649425287356322 0.5237113402061856 0.4301439458086368
485
0.0001 0.2 0.9 0.5 1.5 0.09
0.7398856174539292 0.7080883843502939 0.7080883843502939
0.7640276710222905 0.7727891156462585 0.7683834186877959 483 0.9071867794004612
0.5979614949037373 0.6709021601016518 0.6323353293413174
0.6313603322949117 0.772554002541296 0.6948571428571428 80 0.9169262720664589
0.5709281961471103 0.6791666666666667 0.6203615604186489
0.6013018714401953 0.7697916666666667 0.6751941525810873 87 0.9292107404393816
0.30493273542600896 0.42061855670103093 0.3535528596187175
0.36213991769547327 0.5443298969072164 0.43492586490939045
485
