7192
0.9815 0.6265 0.7648 7059 11267 7192
0.0001 0.2 0.9 0.5 1.5
0.18731730132127686 0.31205765859359785 0.31205765859359785
0.19329129105892368 0.9710398445092323 0.3224057821373258 190 0.9926490501799048
0.17155425219941348 0.8919949174078781 0.28776388604222175
0.18115942028985507 0.9529860228716646 0.30444489547391923 48 0.9884057971014493
0.18835840418574232 0.9 0.31151974040021635
0.1978021978021978 0.95625 0.3277986073915372 54 0.9883645765998708
0.05646817248459959 0.8029197080291971 0.10551558752997602
0.06367804381049415 0.9124087591240876 0.11904761904761905
274
0.0001 0.2 0.9 0.5 1.5 0.1
0.5654735601708646 0.6433718786659962 0.6433718786659962
0.5938876651982379 0.8384839650145772 0.6953017970827625 475 0.9346090308370044
0.5686936936936937 0.6416772554002541 0.6029850746268657
0.6219151036525172 0.8005082592121983 0.7000000000000001 125 0.876604146100691
0.5600350569675723 0.665625 0.6082817705854354
0.5958132045088567 0.7708333333333334 0.6721162579473206 101 0.9186795491143317
0.28955223880597014 0.4 0.3359307359307359
0.3584905660377358 0.5484536082474227 0.4335778321108395
485
0.0001 0.2 0.9 0.5 1.5 0.1
0.5852527438553099 0.6519717582228346 0.6519717582228346
0.6104819976771196 0.8172983479105929 0.6989113271835785 419 0.9391695702671312
0.555672268907563 0.6721728081321474 0.6083956296722255
0.6043030869971936 0.820838627700127 0.6961206896551724 117 0.8905519176800748
0.5367047308319739 0.6854166666666667 0.6020128087831655
0.5706727135298564 0.7864583333333334 0.6614104248795445 97 0.926681783824641
0.28211920529801326 0.43917525773195876 0.3435483870967742
0.340632603406326 0.5773195876288659 0.4284621270084162
485
0.0001 0.2 0.9 0.5 1.5 0.1
0.6296822297177348 0.6581926145852662 0.6581926145852662
0.6624595469255663 0.7957240038872692 0.7230022075055188 547 0.9114886731391586
0.592503022974607 0.6226175349428208 0.6071871127633208
0.6414893617021277 0.7662007623888183 0.6983207874927619 113 0.8797872340425532
0.5851780558229066 0.6333333333333333 0.6083041520760379
0.6222611744084137 0.7395833333333334 0.6758686339838172 102 0.9106047326906223
0.291958041958042 0.3443298969072165 0.31598864711447494
0.36817472698907955 0.4865979381443299 0.4191829484902309
485
0.0001 0.2 0.9 0.5 1.5 0.1
0.684368137352765 0.6752018908804412 0.6752018908804412
0.7132752992383025 0.7644314868804665 0.7379679144385026 505 0.9084149437794704
0.6445698166431594 0.5806861499364676 0.6109625668449198
0.6904176904176904 0.7141041931385006 0.7020612117426608 105 0.871007371007371
0.6225596529284165 0.5979166666666667 0.6099893730074389
0.66015625 0.7041666666666667 0.6814516129032259 102 0.900390625
0.29385964912280704 0.27628865979381445 0.2848034006376196
0.384321223709369 0.4144329896907217 0.39880952380952384
485
0.0001 0.2 0.9 0.5 1.5 0.1
0.7152089616544592 0.6784510064371104 0.6784510064371104
0.7428515852946898 0.7422740524781342 0.7425627065914836 499 0.9029371717564676
0.6426666666666667 0.6124523506988564 0.627195836044242
0.6869158878504673 0.747141041931385 0.7157638466220327 106 0.8761682242990654
0.6155440414507772 0.61875 0.6171428571428572
0.6529466791393826 0.7270833333333333 0.6880236569738789 104 0.9027128157156221
0.3058350100603622 0.3134020618556701 0.3095723014256619
0.3926056338028169 0.45979381443298967 0.42355175688509017
485
