7192
0.9815 0.6265 0.7648 7059 11267 7192
0.0001 0.2 0.9 0.5 1.5
0.18362973267661767 0.3077310818473946 0.3077310818473946
0.18899637694692414 0.9834791059280855 0.3170624725860016 176 0.9934262129757592
0.1677570093457944 0.9123252858958069 0.28340240773633313
0.1758445164275798 0.96569250317662 0.2975141906439616 42 0.990282276723739
0.18435870698644422 0.9208333333333333 0.3072111207645526
0.19244270080528597 0.9708333333333333 0.32121316560399793 48 0.9900887879413587
0.05506607929515418 0.8211678832116789 0.10321100917431192
0.06218119990284188 0.9343065693430657 0.1166021407424277
274
0.0001 0.2 0.9 0.5 1.5 0.15
0.39551905739534055 0.5420846586738439 0.5420846586738439
0.41871244635193133 0.9481049562682216 0.5808871688002382 447 0.9616309012875537
0.3734658094681473 0.8119440914866582 0.5116092874299439
0.4054353854686633 0.928843710292249 0.5644787644787644 92 0.9489739323349973
0.391695847923962 0.815625 0.5292328489354512
0.41957040572792365 0.915625 0.5754500818330606 96 0.9541766109785202
0.2198952879581152 0.6927835051546392 0.33383010432190763
0.25406758448060074 0.8371134020618557 0.3898223715794527
485
0.0001 0.2 0.9 0.5 1.5 0.15
0.4896841123674088 0.6122121830370154 0.6122121830370154
0.5157079646017699 0.9061224489795918 0.6573140641522736 461 0.949004424778761
0.4642576590730558 0.7509529860228716 0.5737864077669902
0.5072254335260116 0.8919949174078781 0.6467065868263474 111 0.9197976878612717
0.4905405405405405 0.75625 0.5950819672131147
0.5260842237586424 0.871875 0.6562132497059976 111 0.9302325581395349
0.27794263105835804 0.5793814432989691 0.3756684491978609
0.3327239488117002 0.7505154639175258 0.461051298290057
485
0.0001 0.2 0.9 0.5 1.5 0.15
0.5355060943296237 0.6368864728590562 0.6368864728590562
0.5625155977040179 0.8761904761904762 0.685158446690478 466 0.9418517594210132
0.5045537340619308 0.7039390088945362 0.5877984084880636
0.5551921504497138 0.8627700127064803 0.6756218905472637 125 0.8977923139820114
0.5213740458015267 0.7114583333333333 0.6017621145374448
0.5630662020905923 0.8416666666666667 0.6747390396659707 125 0.9128919860627178
0.2846975088967972 0.4948453608247423 0.36144578313253023
0.35645677694770544 0.688659793814433 0.46976090014064703
485
0.0001 0.2 0.9 0.5 1.5 0.15
0.5425846319183235 0.641671300341568 0.641671300341568
0.569314444725525 0.8748299319727891 0.6897555742854954 462 0.9415633695927144
0.5050412465627865 0.7001270648030495 0.5867944621938233
0.5548227535037098 0.855146124523507 0.673 122 0.8994229183841714
0.5288239815526518 0.7166666666666667 0.6085802742149491
0.5673959068454482 0.8375 0.6764829617164493 116 0.918136908962597
0.2927710843373494 0.5010309278350515 0.36958174904942964
0.35986913849509267 0.6804123711340206 0.470756062767475
485
0.0001 0.2 0.9 0.5 1.5 0.15
0.5753791257805531 0.6520090978013646 0.6520090978013646
0.6049246092128925 0.8499514091350826 0.7068045902699207 503 0.9304191451099737
0.5426195426195426 0.6632782719186785 0.5969125214408233
0.5978062157221207 0.8310038119440915 0.6953748006379585 132 0.8793418647166362
0.5531011045029737 0.678125 0.6092653252222742
0.5944487278334618 0.803125 0.6832077979618962 120 0.9074787972243639
0.29295774647887324 0.4288659793814433 0.34811715481171546
0.3717146433041302 0.6123711340206186 0.4626168224299066
485
