7192
0.9815 0.6265 0.7648 7059 11267 7192
0.0001 0.2 0.9 0.5 1.5
0.18568714376187462 0.305098855359001 0.305098855359001
0.19834573340537845 0.9275024295432459 0.32680454732228464 374 0.9844548817490336
0.1559306974677921 0.8919949174078781 0.26545660805445265
0.16483516483516483 0.9529860228716646 0.2810567734682406 48 0.9894505494505494
0.17303054662379422 0.896875 0.29009433962264153
0.18239618517782635 0.95625 0.3063574169864842 57 0.988674746671965
0.05174825174825175 0.8102189781021898 0.09728308501314638
0.057678943710910355 0.9087591240875912 0.10847309954258331
274
0.0001 0.2 0.9 0.5 1.5 0.2
0.5389229910714286 0.627466904897263 0.627466904897263
0.5680303228336165 0.8447035957240039 0.6792747733666771 483 0.9368709972552608
0.4753694581280788 0.735705209656925 0.5775561097256858
0.5125858123569794 0.8538754764930114 0.6406101048617732 93 0.9290617848970252
0.4924137931034483 0.74375 0.5925311203319502
0.5233160621761658 0.8416666666666667 0.645367412140575 94 0.939119170984456
0.2719836400817996 0.5484536082474227 0.36363636363636365
0.3193116634799235 0.688659793814433 0.43631613324624424
485
0.0001 0.2 0.9 0.5 1.5 0.2
0.6313969571230982 0.6683136609021868 0.6683136609021868
0.6593160754234579 0.8019436345966958 0.7236692098570551 474 0.9242569511025887
0.5911730545876888 0.6467598475222364 0.6177184466019418
0.6363636363636364 0.7827191867852605 0.7019943019943019 107 0.8894628099173554
0.5801668211306765 0.6520833333333333 0.6140264835703776
0.613481228668942 0.7489583333333333 0.6744840525328331 93 0.9206484641638225
0.2955665024630542 0.3711340206185567 0.3290676416819013
0.36350148367952523 0.5051546391752577 0.4227782571182054
485
0.0001 0.2 0.9 0.5 1.5 0.2
0.7281256373648787 0.7105891719745223 0.7105891719745223
0.7502342139778903 0.7782312925170068 0.7639763403930547 434 0.9186809068765224
0.6501305483028721 0.6327827191867853 0.6413393432066968
0.6944127708095781 0.7738246505717916 0.7319711538461539 111 0.8734321550741163
0.6278836509528586 0.6520833333333333 0.6397547266223811
0.6593204775022957 0.7479166666666667 0.700829673011225 92 0.9155188246097337
0.3446969696969697 0.3752577319587629 0.35932872655478776
0.41256366723259763 0.5010309278350515 0.4525139664804469
485
0.0001 0.2 0.9 0.5 1.5 0.2
0.7094272076372315 0.7012680625184312 0.7012680625184312
0.7324175824175824 0.7772594752186589 0.7541725601131541 432 0.9208791208791208
0.7022556390977444 0.5933926302414231 0.6432506887052342
0.7441860465116279 0.7318932655654383 0.7379884689301728 109 0.8591731266149871
0.6771929824561403 0.603125 0.6380165289256199
0.7085533262935586 0.6989583333333333 0.70372312532774 92 0.9028511087645196
0.356234096692112 0.28865979381443296 0.31890660592255127
0.43902439024390244 0.40824742268041236 0.4230769230769231
485
0.0001 0.2 0.9 0.5 1.5 0.2
0.7369087837837838 0.7064062341868232 0.7064062341868232
0.759598688018522 0.7652089407191448 0.7623934934159566 447 0.9137565116727764
0.6986706056129985 0.6010165184243964 0.646174863387978
0.7387964148527529 0.7331639135959339 0.735969387755102 104 0.8668373879641486
0.6670454545454545 0.6114583333333333 0.6380434782608696
0.6963730569948187 0.7 0.6981818181818181 85 0.9119170984455959
0.33980582524271846 0.28865979381443296 0.31215161649944256
0.42250530785562634 0.41030927835051545 0.41631799163179917
485
