7192
0.9815 0.6265 0.7648 7059 11267 7192
0.0001 0.2 0.9 0.5 0.3
0.3178917815211843 0.383791695555042 0.383791695555042
0.40880433580356157 0.7183673469387755 0.5210771182856337 1205 0.8667182833757328
0.26882477128782545 0.48538754764930114 0.34601449275362317
0.3606153846153846 0.7445997458703939 0.4859038142620232 204 0.8744615384615385
0.31382636655948554 0.5083333333333333 0.3880715705765407
0.38748564867967855 0.703125 0.49962990377498157 187 0.8926521239954076
0.08172231985940245 0.33941605839416056 0.131728045325779
0.1377887788778878 0.6094890510948905 0.22476446837146702
274
0.0001 0.2 0.9 0.5 0.3 0.03
0.8315986122231118 0.7008547008547009 0.7008547008547009
0.8529137529137529 0.711175898931001 0.7756226815050346 543 0.8734265734265734
0.7097791798107256 0.5717916137229987 0.6333567909922588
0.770573566084788 0.7852604828462516 0.7778477029578351 168 0.7905236907730673
0.663905325443787 0.584375 0.621606648199446
0.714859437751004 0.7416666666666667 0.7280163599182004 151 0.8483935742971888
0.38940092165898615 0.34845360824742266 0.367791077257889
0.4874274661508704 0.5195876288659794 0.5029940119760479
485
0.0001 0.2 0.9 0.5 0.3 0.03
0.7945105659460773 0.70632692722954 0.70632692722954
0.8209902666102412 0.7541302235179786 0.7861412217607132 609 0.8711383834109183
0.6612466124661247 0.6200762388818297 0.64
0.7165532879818595 0.8030495552731893 0.7573397243858598 144 0.8367346938775511
0.6308654848800834 0.6302083333333334 0.6305367378843149
0.6740331491712708 0.7625 0.7155425219941349 127 0.8830570902394107
0.342685370741483 0.3525773195876289 0.3475609756097561
0.4450084602368866 0.5422680412371134 0.4888475836431227
485
0.0001 0.2 0.9 0.5 0.3 0.03
0.8705882352941177 0.7031286210892236 0.7031286210892236
0.8882556987115956 0.6967930029154519 0.7809606796645245 551 0.8634786917740337
0.7818181818181819 0.49174078780177893 0.6037441497659907
0.8307210031347962 0.6734434561626429 0.7438596491228071 143 0.7758620689655172
0.7410071942446043 0.5364583333333334 0.622356495468278
0.7796817625458996 0.6635416666666667 0.7169386606640406 122 0.8506731946144431
0.35294117647058826 0.1731958762886598 0.23236514522821577
0.5126582278481012 0.334020618556701 0.4044943820224719
485
0.0001 0.2 0.9 0.5 0.3 0.03
0.8616780045351474 0.7010261731811369 0.7010261731811369
0.8802160039273441 0.6969873663751215 0.7779585638355571 546 0.865979381443299
0.7379679144385026 0.5260482846251588 0.6142433234421366
0.7847730600292826 0.6810673443456162 0.729251700680272 122 0.821376281112738
0.6824583866837388 0.5552083333333333 0.6122917863296956
0.7229050279329609 0.6739583333333333 0.6975741239892183 114 0.8726256983240224
0.2996845425867508 0.1958762886597938 0.23690773067331672
0.4365482233502538 0.354639175257732 0.39135381114903295
485
0.0001 0.2 0.9 0.5 0.3 0.03
0.9018048332823494 0.7007368671262182 0.7007368671262182
0.914102221032914 0.6639455782312925 0.7691961269984238 468 0.8747658549638747
0.8227272727272728 0.4599745870393901 0.5900570497147515
0.8650519031141869 0.6353240152477764 0.7326007326007326 138 0.7612456747404844
0.7738287560581584 0.49895833333333334 0.6067131095630146
0.8110661268556005 0.6260416666666667 0.7066431510875957 122 0.835357624831309
0.32142857142857145 0.11134020618556702 0.1653905053598775
0.525 0.2597938144329897 0.34758620689655173
485
