7192
0.9815 0.6265 0.7648 7059 11267 7192
0.0001 0.2 0.9 0.5 1.5
0.21146880261211162 0.33500363695142654 0.33500363695142654
0.231044776119403 0.9026239067055394 0.3679144385026738 499 0.9751741293532338
0.1778874056877539 0.7789072426937739 0.28962910465390973
0.19790486976217442 0.8881829733163914 0.32368603843482285 86 0.9756511891279728
0.20244565217391305 0.7760416666666666 0.32112068965517243
0.22559366754617413 0.890625 0.36 110 0.9709762532981531
0.05580939947780679 0.6240875912408759 0.1024565608148592
0.07186397176772538 0.8175182481751825 0.13211442052491892
274
0.0001 0.2 0.9 0.5 1.5 0.25
0.4661756373937677 0.5889763779527558 0.5889763779527558
0.488657332030826 0.8750242954324587 0.6271068393926731 388 0.9578855964398133
0.46017014694508895 0.7560355781448539 0.5721153846153847
0.4905109489051095 0.8538754764930114 0.6230876216968012 77 0.9437956204379562
0.44586374695863745 0.7635416666666667 0.5629800307219662
0.4740184757505774 0.8552083333333333 0.6099554234769688 88 0.9491916859122402
0.24467178175618073 0.5917525773195876 0.34620024125452353
0.28259109311740893 0.7195876288659794 0.40581395348837207
485
0.0001 0.2 0.9 0.5 1.5 0.25
0.5890539483971853 0.6528596187175044 0.6528596187175044
0.6191304347826087 0.8303206997084548 0.7093399750933997 505 0.9268115942028986
0.5939597315436241 0.6747141041931385 0.6317668054729327
0.637 0.8094027954256671 0.7129266927811975 106 0.894
0.5554607508532423 0.678125 0.6106941838649155
0.5897637795275591 0.7802083333333333 0.6717488789237668 98 0.9228346456692913
0.30140845070422534 0.44123711340206184 0.35815899581589955
0.35917312661498707 0.5731958762886598 0.4416203335980937
485
0.0001 0.2 0.9 0.5 1.5 0.25
0.6102330128727391 0.6638893813153697 0.6638893813153697
0.6364189086487309 0.8137998056365403 0.7142613442511089 442 0.9328165374677002
0.6236024844720497 0.6378653113087674 0.6306532663316583
0.6677631578947368 0.7738246505717916 0.7168922895821072 107 0.8826754385964912
0.5780669144981413 0.6479166666666667 0.6110019646365422
0.6132879045996593 0.75 0.6747891283973758 98 0.9165247018739353
0.2944078947368421 0.36907216494845363 0.32753888380603846
0.36350148367952523 0.5051546391752577 0.4227782571182054
485
0.0001 0.2 0.9 0.5 1.5 0.25
0.5820066085911685 0.6566127255782428 0.6566127255782428
0.6054720725829317 0.8301263362487852 0.7002213296171816 396 0.9438616387865041
0.5819148936170213 0.6950444726810674 0.6334684423856399
0.6154598825831703 0.7992376111817027 0.695411829740188 82 0.9197651663405088
0.5247295208655333 0.7072916666666667 0.6024844720496894
0.5520757465404225 0.7895833333333333 0.649807115302186 79 0.942461762563729
0.27818627450980393 0.46804123711340206 0.34896233666410453
0.32454128440366975 0.5835051546391753 0.417096536477524
485
0.0001 0.2 0.9 0.5 1.5 0.25
0.6245683275777011 0.6766435061464458 0.6766435061464458
0.6482822369434602 0.8178814382896016 0.723272602268821 410 0.9368356185487599
0.6234718826405868 0.6480304955527318 0.6355140186915887
0.6655808903365906 0.7789072426937739 0.7177985948477752 103 0.8881650380021715
0.5807339449541284 0.659375 0.6175609756097561
0.6133671742808798 0.7552083333333334 0.676937441643324 92 0.922165820642978
0.3014586709886548 0.3835051546391753 0.3375680580762251
0.3680351906158358 0.5175257731958763 0.4301628106255356
485
