7192
0.9815 0.6265 0.7648 7059 11267 7192
0.0001 0.2 0.9 0.5 1.5
0.18431588036737578 0.3066975802501388 0.3066975802501388
0.19243024792103833 0.9624878522837707 0.3207357751222514 256 0.9900520711898656
0.16304347826086957 0.8767471410419314 0.27495517035265993
0.17455138662316477 0.951715374841169 0.2949980307207562 59 0.9862502913073875
0.18528252299605782 0.88125 0.3061889250814332
0.19689119170984457 0.95 0.3261802575107296 66 0.9857512953367875
0.05624036979969183 0.7992700729927007 0.10508637236084452
0.06345565749235474 0.9087591240875912 0.11862791805621725
274
0.0001 0.2 0.9 0.5 1.5 0.3
0.4016682113067655 0.5439598368371509 0.5439598368371509
0.42470147923721263 0.9263362487852284 0.5823913973238835 432 0.9615041882017465
0.3869377695625385 0.7979669631512071 0.521161825726141
0.42117510180337403 0.9199491740787802 0.5778132482043096 96 0.944153577661431
0.3981191222570533 0.79375 0.5302713987473905
0.42800397219463754 0.8979166666666667 0.5796906523201075 100 0.9503475670307845
0.2231404958677686 0.668041237113402 0.33453794527620034
0.2583826429980276 0.8103092783505155 0.3918245264207378
485
0.0001 0.2 0.9 0.5 1.5 0.3
0.3618320610687023 0.5119954519613418 0.5119954519613418
0.37860887254518427 0.9405247813411078 0.5398861988173602 336 0.9737109772318285
0.3513658275307981 0.8335451080050826 0.49434815373021856
0.37929267042542286 0.940279542566709 0.5405405405405406 84 0.9569451563300871
0.35255281690140844 0.834375 0.4956683168316832
0.37722269263336156 0.928125 0.5364238410596026 90 0.9618966977138018
0.19632925472747498 0.7278350515463917 0.30924222514235655
0.22353573347662548 0.8577319587628865 0.35464620630861043
485
0.0001 0.2 0.9 0.5 1.5 0.3
0.4366844138219021 0.5681879923933714 0.5681879923933714
0.4637249055853707 0.9068999028182702 0.6136647596501612 483 0.9519976147883125
0.4333810888252149 0.7687420584498094 0.5542830966559781
0.47301798800799466 0.9021601016518425 0.6206293706293706 105 0.9300466355762825
0.4349334875650665 0.7833333333333333 0.5593157307549276
0.4658283214871515 0.8875 0.6109716744352814 100 0.9453253143794423
0.24842271293375395 0.6494845360824743 0.3593839132915003
0.2856071964017991 0.7855670103092783 0.4189114898295767
485
0.0001 0.2 0.9 0.5 1.5 0.3
0.4161685448309652 0.5533550488599349 0.5533550488599349
0.44218706113659767 0.9179786200194363 0.5968659168456969 476 0.9554348843741223
0.4049039098740888 0.7763659466327827 0.5322299651567944
0.44533662754786907 0.9161372299872935 0.5993349958437241 110 0.9320568252007412
0.4075286415711948 0.778125 0.5349087003222343
0.4416452442159383 0.8947916666666667 0.5913941480206542 112 0.9424164524421594
0.2259475218658892 0.6391752577319587 0.33387183629509964
0.2670807453416149 0.797938144329897 0.4002068252326784
485
0.0001 0.2 0.9 0.5 1.5 0.3
0.354495298780014 0.5064949483734873 0.5064949483734873
0.3706341389499204 0.9508260447035958 0.5333624073266463 330 0.9749981059171149
0.33855482566953005 0.8513341804320204 0.4844540853217643
0.36579457364341084 0.9593392630241423 0.5296387232549982 85 0.9588178294573644
0.34291754756871035 0.8447916666666667 0.4878195488721804
0.3657142857142857 0.9333333333333333 0.5255131964809384 85 0.9653061224489796
0.19143310417768378 0.7463917525773196 0.30471380471380477
0.21670081967213115 0.8721649484536083 0.3471481329503488
485
