7192
0.9815 0.6265 0.7648 7059 11267 7192
0.0001 0.2 0.9 0.5 1.5
0.1824153030652224 0.304628115077456 0.304628115077456
0.18972933876432296 0.9687074829931973 0.3173107531673776 235 0.9910540941794511
0.1638391819660702 0.8958068614993647 0.27701375245579574
0.17363344051446947 0.9606099110546379 0.2941062050184789 51 0.9882866329811667
0.18276154171961034 0.8989583333333333 0.3037662794790567
0.1930154746967796 0.9614583333333333 0.3214907697666318 60 0.9874529485570891
0.05503222607833416 0.8102189781021898 0.1030640668523677
0.06246925725528775 0.927007299270073 0.11705069124423963
274
0.0001 0.2 0.9 0.5 1.5 0.35
0.2671580188679245 0.40995249943451706 0.40995249943451706
0.28462069759410613 0.9611273080660836 0.4391846884852791 414 0.9761712904339818
0.24507658643326038 0.8538754764930114 0.38084443185038247
0.2641308211873445 0.9440914866581956 0.4127777777777778 71 0.9747600426590828
0.2637820512820513 0.8572916666666667 0.40343137254901956
0.2839775561097257 0.9489583333333333 0.43714011516314777 88 0.972568578553616
0.14543404735062007 0.797938144329897 0.24602670057215512
0.1636631114380287 0.9175257731958762 0.27777777777777785
485
0.0001 0.2 0.9 0.5 1.5 0.35
0.3588557004627682 0.5008807985907223 0.5008807985907223
0.3876074901551073 0.9374149659863945 0.5484421196270184 558 0.9551555091215945
0.3309782608695652 0.7738246505717916 0.46364674533688616
0.36936475409836067 0.9161372299872935 0.5264695144213216 112 0.9426229508196722
0.3477051460361613 0.78125 0.48123195380173245
0.38370565045992117 0.9125 0.540240518038853 126 0.9448094612352168
0.19791666666666666 0.7051546391752578 0.30908269317668324
0.23 0.8536082474226804 0.362363238512035
485
0.0001 0.2 0.9 0.5 1.5 0.35
0.27236076714853424 0.4202061489248268 0.4202061489248268
0.28427373668706096 0.9753158406219631 0.440233364039128 289 0.9836279175164288
0.24963976945244956 0.8805590851334181 0.38899803536345773
0.26603241719520787 0.9593392630241423 0.416551724137931 62 0.97815362931642
0.2653834017040076 0.8760416666666667 0.40736255751998063
0.283471837488458 0.959375 0.43763364219529577 80 0.9753770390889505
0.14614243323442136 0.8123711340206186 0.24772084250235774
0.16442831215970963 0.934020618556701 0.2796296296296297
485
0.0001 0.2 0.9 0.5 1.5 0.35
0.2692570258277392 0.41658231747568536 0.41658231747568536
0.2822819466949768 0.9819241982507289 0.43850360211787176 319 0.9821757836508912
0.24803711634546752 0.8831003811944091 0.3872945110058512
0.26559776925758105 0.9682337992376112 0.4168490153172867 67 0.9766469153014988
0.2655860349127182 0.8875 0.4088291746641075
0.28410817380735337 0.9739583333333334 0.4398964949423665 83 0.9747797022181708
0.14745700695206732 0.8309278350515464 0.2504661280298322
0.16577157178660937 0.954639175257732 0.2824893227577791
485
0.0001 0.2 0.9 0.5 1.5 0.35
0.2949150343754054 0.44225064436123135 0.44225064436123135
0.3158590308370044 0.9755102040816327 0.47720465890183034 472 0.9702957835116426
0.27056897257470325 0.8398983481575604 0.40928792569659445
0.2984251968503937 0.963151207115629 0.4556657649534115 97 0.9618110236220473
0.2892794376098418 0.8572916666666667 0.4325886990801577
0.3136456211812627 0.9625 0.4731182795698925 101 0.9657162253903598
0.16156105749055813 0.7938144329896907 0.2684797768479777
0.18482252141982863 0.934020618556701 0.30858310626702995
485
