7192
0.9815 0.6265 0.7648 7059 11267 7192
0.0001 0.2 0.9 0.5 1.5
0.19294681672287003 0.31917467571745417 0.31917467571745417
0.2001932678370108 0.9663751214771623 0.33167672859477665 223 0.9910210984055403
0.17523188769115067 0.8881829733163914 0.292713567839196
0.18564356435643564 0.9529860228716646 0.3107520198881293 51 0.9873762376237624
0.19227333631085305 0.896875 0.31666053696211843
0.20224966916629908 0.9552083333333333 0.3338187113214416 56 0.9876488751654169
0.056304520222045996 0.7773722627737226 0.10500369731328568
0.06422018348623854 0.8941605839416058 0.11983370017119101
274
0.0001 0.2 0.9 0.5 1.5 0.4
0.2562183455261677 0.3973816277547458 0.3973816277547458
0.27154982363315694 0.957628765792031 0.42311821031388214 374 0.9793871252204586
0.23762723762723761 0.8602287166454892 0.3723872387238723
0.25437693099897013 0.9415501905972046 0.40054054054054056 64 0.9780295228286989
0.2573575453976205 0.85625 0.39576311988444873
0.27638804148871265 0.94375 0.4275601698914583 84 0.9743746186699207
0.14081931236283834 0.7938144329896907 0.23920472196334264
0.15806451612903225 0.9092783505154639 0.26931297709923663
485
0.0001 0.2 0.9 0.5 1.5 0.4
0.23022847100175747 0.36802060166217954 0.36802060166217954
0.24203239917319616 0.9786200194363459 0.3880838600277478 319 0.9846656732202086
0.21184647929888184 0.8907242693773825 0.34228515624999994
0.22565320665083136 0.96569250317662 0.3658243080625752 59 0.9824821852731591
0.2347945205479452 0.8927083333333333 0.37180043383947936
0.24939532383767804 0.9666666666666667 0.3964964751121556 71 0.9809191077667294
0.1290119572057898 0.845360824742268 0.22386022386022386
0.14223737217229626 0.9463917525773196 0.24730603448275865
485
0.0001 0.2 0.9 0.5 1.5 0.4
0.21427937915742795 0.3489438526809894 0.3489438526809894
0.22326947525316734 0.9898931000971817 0.36435827729288883 261 0.9885581517688834
0.19950535861500412 0.9224904701397713 0.32806145503840944
0.21035510978584981 0.9860228716645489 0.34673815907059874 50 0.9864461913797777
0.21555555555555556 0.909375 0.34850299401197604
0.2277588721438989 0.9760416666666667 0.36933385888845094 64 0.9844433641225085
0.11736694677871148 0.8639175257731959 0.20665844636251543
0.12883605197677633 0.9608247422680413 0.227206240858118
485
0.0001 0.2 0.9 0.5 1.5 0.4
0.21556374752742313 0.3501405673810654 0.3501405673810654
0.22644855255574767 0.9928085519922255 0.3687820373980218 313 0.986124041317551
0.19862258953168044 0.9161372299872935 0.32646592709984157
0.21122559652928416 0.9898348157560356 0.3481564245810056 58 0.9842733188720173
0.2192674360260913 0.9104166666666667 0.3534169025475131
0.23236309817464232 0.98125 0.375747905863582 68 0.9832264430192402
0.12026218295810773 0.8701030927835052 0.2113169754631948
0.13286516853932584 0.9752577319587629 0.23386897404202714
485
0.0001 0.2 0.9 0.5 1.5 0.4
0.209861486192177 0.3428815428957762 0.3428815428957762
0.2201874301435818 0.9955296404275996 0.3606153412891188 304 0.9869314762273236
0.1943308803488689 0.9059720457433291 0.32001795332136446
0.20814358424859364 0.9872935196950444 0.3438053097345133 64 0.9828556121082239
0.21174764321972445 0.9125 0.34373160682754567
0.22504752851711027 0.9864583333333333 0.3664860681114551 71 0.9831273764258555
0.11587865537031976 0.8742268041237113 0.20463320463320464
0.12826731339261654 0.9814432989690721 0.22688274547187798
485
