7192
0.9815 0.6265 0.7648 7059 11267 7192
0.0001 0.2 0.9 0.5 1.5
0.17357727978059254 0.29279279279279274 0.29279279279279274
0.17946972411322107 0.9735665694849368 0.3030706398426864 199 0.9928699390899319
0.15924956369982549 0.9275730622617535 0.27183019921802276
0.1656202641264343 0.9720457433290979 0.2830188679245283 35 0.992422602294869
0.17132252393045516 0.9135416666666667 0.2885342984043428
0.17902070834139733 0.9635416666666666 0.3019422229476089 48 0.9907102767563383
0.050486755716549696 0.8138686131386861 0.09507567682796844
0.056892286935012366 0.9233576642335767 0.10718068205888583
274
0.0001 0.2 0.9 0.5 1.5 0.45
0.17597654128805706 0.29669189453125 0.29669189453125
0.1828397056183809 0.9898931000971817 0.30866666666666664 232 0.9916711541913481
0.16050198150594452 0.9263024142312579 0.2735972978044661
0.169281045751634 0.9872935196950444 0.2890087409336061 48 0.9895424836601308
0.1768341307814992 0.9239583333333333 0.29685408299866134
0.18528018942383584 0.978125 0.31154611811546123 52 0.98973954222573
0.09545855379188713 0.8927835051546392 0.17247560246962756
0.10297332750327941 0.9711340206185567 0.1862028068788298
485
0.0001 0.2 0.9 0.5 1.5 0.45
0.1811332127787824 0.3034491463914923 0.3034491463914923
0.1901639344262295 0.9920310981535472 0.3191496013756448 296 0.9889716840536512
0.16808854046575974 0.9263024142312579 0.28454332552693207
0.17757009345794392 0.9898348157560356 0.3011209895632006 50 0.9886026897652154
0.18588931136459655 0.9166666666666666 0.30909729539866526
0.19641367806505422 0.98125 0.32731063238359975 62 0.9870725604670558
0.10035252643948296 0.8804123711340206 0.18016877637130801
0.10997442455242967 0.9752577319587629 0.19765984120351027
485
0.0001 0.2 0.9 0.5 1.5 0.45
0.17090012330456228 0.28935281837160753 0.28935281837160753
0.1786549401458835 0.9949465500485909 0.30291733238653173 268 0.9906467036610477
0.15915980944131658 0.9339263024142312 0.27197039777983345
0.16798800085708163 0.9961880559085133 0.28749541620828745 49 0.9895007499464324
0.17462188175211157 0.9260416666666667 0.29383572963146587
0.18391920761312877 0.9864583333333333 0.31003437551154034 58 0.9887356768304525
0.09414316702819957 0.8948453608247423 0.17036310107948968
0.10251450676982592 0.9835051546391752 0.18567536006228103
485
0.0001 0.2 0.9 0.5 1.5 0.45
0.17540293306229127 0.2955984461505521 0.2955984461505521
0.18416894124407412 0.9966958211856171 0.3108915092909758 296 0.9893693434851314
0.16198607054594474 0.9161372299872935 0.2752959144711722
0.1729490022172949 0.9911054637865311 0.29450632433452895 59 0.9869179600886918
0.17767009892994146 0.9166666666666666 0.29764924742093696
0.18832204065364688 0.984375 0.31615925058548006 65 0.9870466321243523
0.09564245810055866 0.8824742268041237 0.17258064516129032
0.10523988503205838 0.9814432989690721 0.19009584664536744
485
0.0001 0.2 0.9 0.5 1.5 0.45
0.16913172089785974 0.28689492325855964 0.28689492325855964
0.177007928300586 0.9980563654033042 0.3006880398184746 275 0.9905205101689073
0.15307855626326963 0.9161372299872935 0.26232490449336
0.1640821458507963 0.9949174078780177 0.2817053426875337 62 0.9870075440067058
0.17228029423151375 0.9270833333333334 0.2905648057460007
0.1813134214053226 0.9864583333333333 0.3063237910399483 57 0.9890867317633544
0.09304310712761417 0.8989690721649485 0.16863275962096305
0.10071942446043165 0.9814432989690721 0.1826904624832086
485
