7192
0.9815 0.6265 0.7648 7059 11267 7192
0.0001 0.2 0.9 0.5 1.5
0.18743356560765323 0.3117265763111373 0.3117265763111373
0.1942535915053092 0.9671525753158406 0.32352654335034625 215 0.9916068082448469
0.1696969696969697 0.8894536213468869 0.28501628664495116
0.17964071856287425 0.9529860228716646 0.3022974607013301 50 0.9880239520958084
0.1888309430682312 0.9052083333333333 0.31247752606975904
0.19806659505907626 0.9604166666666667 0.32840605520926086 53 0.9886143931256713
0.05657962109575013 0.8065693430656934 0.10574162679425837
0.06377032520325203 0.916058394160584 0.11923990498812352
274
0.0001 0.2 0.9 0.5 1.5 0.5
0.14926321522587674 0.25831282400377026 0.25831282400377026
0.15430427720628045 0.9970845481049563 0.26725013675080095 197 0.994074475124827
0.13570127504553733 0.9466327827191868 0.2373745419786522
0.14179779345270394 0.9961880559085133 0.24825839138695377 39 0.9929462832338578
0.15191567676091686 0.9458333333333333 0.2617846331267118
0.15755359813860728 0.9875 0.27175003583201945 40 0.9933521688549111
0.08175528040786599 0.9257731958762887 0.15024259662037812
0.08674393335747918 0.9876288659793815 0.1594806059597137
485
0.0001 0.2 0.9 0.5 1.5 0.5
0.1489567876934258 0.25775518759169985 0.25775518759169985
0.15461436650222596 0.9990281827016521 0.2677850425903253 221 0.9933521838527253
0.1353958143767061 0.9453621346886912 0.23686723973256923
0.14195412678345676 0.9987293519695044 0.2485768500948767 42 0.9924146649810367
0.1522911051212938 0.9416666666666667 0.2621809744779582
0.15880976262119692 0.9895833333333334 0.2736963411120715 46 0.9923102641257104
0.0818048422597212 0.9195876288659793 0.1502442310931447
0.08732907930720146 0.9876288659793815 0.16046901172529315
485
0.0001 0.2 0.9 0.5 1.5 0.5
0.1486868073478063 0.2571953781512605 0.2571953781512605
0.1549983424248817 0.9996112730806609 0.26838177738349944 246 0.9925861185618275
0.13574826198316867 0.9428208386277002 0.23732608347992962
0.14249410056271555 0.9974587039390089 0.24936467598475226 43 0.9921945906698131
0.15203101297825722 0.9395833333333333 0.2617147831133033
0.15897693079237712 0.990625 0.27398444252376836 49 0.9918087596121699
0.081651376146789 0.9175257731958762 0.14995787700084248
0.08751139471285324 0.9896907216494846 0.16080402010050251
485
0.0001 0.2 0.9 0.5 1.5 0.5
0.1554304720481003 0.2669376321643369 0.2669376321643369
0.16279364676790414 0.9980563654033042 0.2799280418665504 275 0.9912817423834132
0.14216727834653273 0.9351969504447268 0.24681421864520453
0.15004784688995215 0.9961880559085133 0.26081170991350633 48 0.9908133971291866
0.15882039438621426 0.93125 0.2713613598421612
0.16681330283301074 0.9875 0.2854132169200662 54 0.9904979764209044
0.08527583527583528 0.9051546391752577 0.15586721107757856
0.09215346057451321 0.9855670103092784 0.1685472496473907
485
0.0001 0.2 0.9 0.5 1.5 0.5
0.15832922216740666 0.27082981715893106 0.27082981715893106
0.1671765165321531 0.9984450923226433 0.28639924176957604 323 0.989488414475397
0.14336704342653184 0.9186785260482846 0.2480274442538593
0.1536050156739812 0.9961880559085133 0.2661687319640129 61 0.9880485893416928
0.16244493392070486 0.921875 0.2762172284644195
0.1721698113207547 0.9885416666666667 0.29326328800988877 64 0.988388969521045
0.08712273641851107 0.8927835051546392 0.15875343721356552
0.09513362584762665 0.9835051546391752 0.17348608837970542
485
