7192
0.9815 0.6265 0.7648 7059 11267 7192
0.0001 0.2 0.9 0.5 0.3
0.20721691818088492 0.3278515450521785 0.3278515450521785
0.22909907661592213 0.892128279883382 0.36457505957108816 553 0.9723983029698029
0.17101117158407333 0.758576874205845 0.2791023842917251
0.1922969578565448 0.8754764930114358 0.3153318077803204 92 0.9743231928551493
0.1978638184245661 0.771875 0.3149840595111583
0.22317041634341866 0.8989583333333333 0.3575719908846074 122 0.9684509956038273
0.0530520933205497 0.6058394160583942 0.0975609756097561
0.0691171850455545 0.8029197080291971 0.127277986693665
274
0.0001 0.2 0.9 0.5 0.3 0.04
0.7382821260372281 0.6855476884631403 0.6855476884631403
0.773001361602801 0.7724003887269193 0.7727007583122691 682 0.8673409842443105
0.6942392909896603 0.5972045743329097 0.6420765027322404
0.7472527472527473 0.7776365946632783 0.7621419676214196 142 0.8266178266178266
0.6497237569060773 0.6125 0.6305630026809651
0.6925315227934045 0.74375 0.7172275238573581 126 0.8777885548011639
0.36225596529284165 0.3443298969072165 0.35306553911205074
0.45955882352941174 0.5154639175257731 0.48590864917395526
485
0.0001 0.2 0.9 0.5 0.3 0.04
0.8103849134590545 0.6958740017746228 0.6958740017746228
0.8385038503850385 0.7407191448007775 0.7865841073271413 674 0.8517051705170517
0.7568058076225045 0.5298602287166455 0.6233183856502242
0.8112676056338028 0.7318932655654383 0.7695390781563126 159 0.776056338028169
0.7176470588235294 0.571875 0.6365217391304347
0.7559322033898305 0.696875 0.7252032520325202 120 0.864406779661017
0.3602693602693603 0.22061855670103092 0.27365728900255754
0.5052083333333334 0.4 0.4464902186421174
485
0.0001 0.2 0.9 0.5 0.3 0.04
0.8686750511845569 0.6936011209715087 0.6936011209715087
0.8857215576482566 0.6763848396501457 0.7670266696054662 510 0.8701959786205141
0.8210290827740492 0.4663278271918678 0.5948136142625607
0.8664440734557596 0.6594663278271918 0.7489177489177489 152 0.7462437395659433
0.7757296466973886 0.5260416666666666 0.6269397889509621
0.8096479791395046 0.646875 0.719166184134337 116 0.848761408083442
0.3684210526315789 0.14432989690721648 0.20740740740740737
0.5488721804511278 0.30103092783505153 0.388814913448735
485
0.0001 0.2 0.9 0.5 0.3 0.04
0.8634643377001455 0.6913752913752914 0.6913752913752914
0.8808132147395171 0.6736637512147716 0.7634361233480176 500 0.8729351969504447
0.7924528301886793 0.48030495552731894 0.5981012658227849
0.8426073131955485 0.6734434561626429 0.748587570621469 152 0.7583465818759937
0.7507418397626113 0.5270833333333333 0.6193390452876377
0.7889447236180904 0.6541666666666667 0.7152619589977222 122 0.8467336683417085
0.330188679245283 0.14432989690721648 0.20086083213773315
0.5186440677966102 0.3154639175257732 0.3923076923076923
485
0.0001 0.2 0.9 0.5 0.3 0.04
0.8755910165484634 0.6948059561496072 0.6948059561496072
0.8909043793728946 0.6682215743440233 0.7636605952909817 475 0.8769111168696554
0.8668280871670703 0.4548919949174079 0.5966666666666667
0.8994515539305301 0.625158831003812 0.7376311844077961 134 0.7550274223034735
0.8089700996677741 0.5072916666666667 0.6235595390524968
0.8382559774964838 0.6208333333333333 0.713345302214243 109 0.8466947960618847
0.3819444444444444 0.1134020618556701 0.17488076311605724
0.5761904761904761 0.24948453608247423 0.34820143884892085
485
