7192
0.9815 0.6265 0.7648 7059 11267 7192
0.0001 0.2 0.9 0.5 0.3
0.21644126522856824 0.33621250922349066 0.33621250922349066
0.2449649973074852 0.884159378036929 0.3836390470166561 676 0.9635971997845988
0.17840664410950477 0.7369758576874206 0.2872709262010896
0.20482286394760346 0.8742058449809402 0.33188615533043897 108 0.9678475736826436
0.20845481049562684 0.7447916666666666 0.32574031890660593
0.2382154882154882 0.884375 0.37533156498673736 134 0.9624017957351291
0.05700211118930331 0.5912408759124088 0.10397946084724005
0.07618062736987245 0.8065693430656934 0.13921259842519684
274
0.0001 0.2 0.9 0.5 0.3 0.05
0.6701816051552432 0.668614845119813 0.668614845119813
0.707633719923836 0.7945578231292517 0.7485808459989014 656 0.8864462523801281
0.6077694235588973 0.6162642947903431 0.61198738170347
0.6705263157894736 0.8094027954256671 0.7334484743811168 152 0.84
0.5680970149253731 0.634375 0.5994094488188977
0.6198686371100164 0.7864583333333334 0.6932966023875115 146 0.8801313628899836
0.32515337423312884 0.43711340206185567 0.37291116974494287
0.3989071038251366 0.6020618556701031 0.47986852917009043
485
0.0001 0.2 0.9 0.5 0.3 0.05
0.8470588235294118 0.7036363636363636 0.7036363636363636
0.8679111531190926 0.7138969873663751 0.7834062066759091 577 0.8636578449905482
0.7205651491365777 0.5832274459974587 0.6446629213483145
0.7726692209450831 0.7687420584498094 0.7707006369426752 146 0.8135376756066411
0.667816091954023 0.6052083333333333 0.6349726775956285
0.7086693548387096 0.7322916666666667 0.7202868852459016 122 0.8770161290322581
0.34577114427860695 0.2865979381443299 0.3134160090191657
0.4654471544715447 0.47216494845360824 0.4687819856704197
485
0.0001 0.2 0.9 0.5 0.3 0.05
0.8006399212404627 0.7065595134665508 0.7065595134665508
0.8241042345276873 0.7376093294460642 0.7784615384615385 542 0.8823018458197611
0.823404255319149 0.49174078780177893 0.6157517899761337
0.8701095461658842 0.7064803049555273 0.779803646563815 169 0.7355242566510172
0.7590711175616836 0.5447916666666667 0.6343238326258338
0.7978075517661388 0.6822916666666666 0.7355418304323412 132 0.8392204628501827
0.39914163090128757 0.19175257731958764 0.2590529247910863
0.5625 0.3711340206185567 0.4472049689440994
485
0.0001 0.2 0.9 0.5 0.3 0.05
0.8495623632385121 0.7058288830814681 0.7058288830814681
0.8683895668820292 0.7053449951409135 0.7784212784212784 523 0.8748504426896386
0.8016701461377871 0.48792884371029227 0.6066350710900474
0.848966613672496 0.6785260482846251 0.7542372881355933 150 0.7615262321144675
0.7510917030567685 0.5375 0.6265938069216758
0.78625 0.6552083333333333 0.7147727272727272 113 0.85875
0.35555555555555557 0.16494845360824742 0.22535211267605632
0.5150501672240803 0.31752577319587627 0.39285714285714285
485
0.0001 0.2 0.9 0.5 0.3 0.05
0.8330246096851018 0.7055132227700581 0.7055132227700581
0.8536641929499073 0.7154518950437317 0.7784709738817808 533 0.87639146567718
0.8306997742663657 0.4675984752223634 0.5983739837398373
0.8695652173913043 0.6353240152477764 0.7342143906020557 132 0.7704347826086957
0.78125 0.5208333333333334 0.625
0.8130841121495327 0.634375 0.7126974839087187 109 0.8544726301735648
0.3701657458563536 0.13814432989690723 0.20120120120120122
0.5403225806451613 0.27628865979381445 0.3656207366984993
485
