7192
0.9815 0.6265 0.7648 7059 11267 7192
0.0001 0.2 0.9 0.5 0.3
0.22821386450006553 0.3413534571470574 0.3413534571470574
0.26724727838258167 0.8349854227405248 0.40490103675777567 813 0.9494245723172628
0.1875 0.6632782719186785 0.29235508260991316
0.22613752993499828 0.8398983481575604 0.3563342318059299 139 0.952446117003079
0.21807065217391305 0.66875 0.32889344262295084
0.25670003228931226 0.828125 0.3919152082819818 153 0.9505973522763965
0.05758077879038939 0.5072992700729927 0.10342261904761904
0.083031035872632 0.7518248175182481 0.14954627949183302
274
0.0001 0.2 0.9 0.5 0.3 0.06
0.7807740324594257 0.6834972677595628 0.6834972677595628
0.8104490500863558 0.7296404275996112 0.7679247212846477 627 0.8646373056994818
0.6612665684830633 0.5705209656925032 0.6125511596180081
0.7294117647058823 0.7878017789072427 0.7574832009773975 171 0.7988235294117647
0.6306504961411246 0.5958333333333333 0.612747723620782
0.6836638338054769 0.7541666666666667 0.7171867261020307 152 0.8564683663833805
0.38684719535783363 0.41237113402061853 0.39920159680638717
0.4617996604414261 0.5608247422680412 0.5065176908752328
485
0.0001 0.2 0.9 0.5 0.3 0.06
0.8767826583000571 0.7106692867876546 0.7106692867876546
0.8948137326515705 0.7142857142857143 0.7944228274967575 601 0.8536644752860969
0.6341789052069426 0.6035578144853876 0.6184895833333334
0.6875712656784493 0.7662007623888183 0.7247596153846155 128 0.8540478905359179
0.603515625 0.64375 0.622983870967742
0.643859649122807 0.7645833333333333 0.6990476190476189 116 0.8982456140350877
0.3177737881508079 0.3649484536082474 0.3397312859884837
0.405320813771518 0.534020618556701 0.46085409252669046
485
0.0001 0.2 0.9 0.5 0.3 0.06
0.8273399642948227 0.7156408559452901 0.7156408559452901
0.8480700179533214 0.7344995140913508 0.7872096656598271 535 0.8799371633752244
0.6925418569254186 0.5781448538754765 0.6301939058171746
0.7416879795396419 0.7369758576874206 0.7393244104525175 125 0.840153452685422
0.636766334440753 0.5989583333333334 0.6172839506172839
0.6803118908382066 0.7270833333333333 0.702920443101712 123 0.8801169590643275
0.3073394495412844 0.27628865979381445 0.2909880564603692
0.4247619047619048 0.45979381443298967 0.44158415841584153
485
0.0001 0.2 0.9 0.5 0.3 0.06
0.8810888252148997 0.7122177185871453 0.7122177185871453
0.8949633004302708 0.6872691933916424 0.7774846086191733 461 0.8833206783092888
0.7504725897920604 0.5044472681067345 0.6033434650455928
0.8047337278106509 0.6912325285895807 0.7436773752563226 147 0.7825443786982249
0.7181571815718157 0.5520833333333334 0.6242638398115431
0.7578579743888242 0.678125 0.7157778999450247 121 0.8591385331781141
0.34296028880866425 0.1958762886597938 0.24934383202099739
0.49162011173184356 0.3628865979381443 0.4175563463819692
485
0.0001 0.2 0.9 0.5 0.3 0.06
0.8735277621985418 0.7151876937205831 0.7151876937205831
0.8884767556874382 0.6983479105928085 0.7820219828055284 478 0.8818001978239367
0.8581730769230769 0.4536213468869123 0.5935162094763092
0.8905380333951762 0.6099110546378653 0.7239819004524888 123 0.7717996289424861
0.8096026490066225 0.509375 0.6253196930946292
0.8387096774193549 0.6229166666666667 0.7148834429169157 109 0.847124824684432
0.4144736842105263 0.12989690721649486 0.19780219780219782
0.5801886792452831 0.2536082474226804 0.3529411764705882
485
