7192
0.9815 0.6265 0.7648 7059 11267 7192
0.0001 0.2 0.9 0.5 0.3
0.20533870561571393 0.32615999999999995 0.32615999999999995
0.22649279341111875 0.8979591836734694 0.3617429432721293 543 0.9733797431120698
0.17724867724867724 0.6810673443456162 0.2812909997376017
0.21166032953105196 0.8487928843710292 0.33882830332234337 132 0.9581749049429658
0.2060821740537043 0.6635416666666667 0.31449024932115527
0.2449230769230769 0.8291666666666667 0.37814726840855106 159 0.951076923076923
0.052734375 0.4927007299270073 0.09527170077628794
0.0779467680608365 0.7481751824817519 0.14118457300275483
274
0.0001 0.2 0.9 0.5 0.3 0.07
0.7046081970694414 0.6734321087883094 0.6734321087883094
0.74 0.7694849368318756 0.754454502143878 641 0.8801869158878505
0.6676514032496307 0.5743329097839899 0.6174863387978142
0.7315035799522673 0.7789072426937739 0.7544615384615384 161 0.8078758949880668
0.6349384098544233 0.590625 0.6119805720453318
0.6880382775119617 0.7489583333333333 0.7172069825436408 152 0.8545454545454545
0.36477987421383645 0.35876288659793815 0.3617463617463617
0.45989304812834225 0.5319587628865979 0.4933078393881454
485
0.0001 0.2 0.9 0.5 0.3 0.07
0.8228600982673907 0.7061695517088327 0.7061695517088327
0.8463436518618215 0.7333333333333333 0.7857961053837341 591 0.8674293405114402
0.7252747252747253 0.5870393900889453 0.648876404494382
0.7706422018348624 0.747141041931385 0.7587096774193549 126 0.8348623853211009
0.6862275449101797 0.596875 0.6384401114206129
0.722457627118644 0.7104166666666667 0.7163865546218487 109 0.8845338983050848
0.3672922252010724 0.2824742268041237 0.31934731934731936
0.47085201793721976 0.4329896907216495 0.4511278195488722
485
0.0001 0.2 0.9 0.5 0.3 0.07
0.8435187722663744 0.7000227427791678 0.7000227427791678
0.8654888103651355 0.7140913508260447 0.7825346112886048 596 0.8595995288574794
0.7389705882352942 0.5108005082592122 0.6040570999248686
0.798581560283688 0.7153748411689962 0.7546916890080428 161 0.7716312056737589
0.7049399198931909 0.55 0.6179052077238152
0.7471395881006865 0.6802083333333333 0.7121046892039258 125 0.8569794050343249
0.3205574912891986 0.18969072164948453 0.23834196891191706
0.4772117962466488 0.3670103092783505 0.4149184149184149
485
0.0001 0.2 0.9 0.5 0.3 0.07
0.8405137811078405 0.7072731366809277 0.7072731366809277
0.8613953488372093 0.7199222546161321 0.7843303335097935 563 0.8690697674418605
0.8159645232815964 0.4675984752223634 0.5945072697899838
0.8628099173553719 0.6632782719186785 0.75 154 0.7454545454545455
0.7829581993569131 0.5072916666666667 0.6156763590391909
0.81951871657754 0.6385416666666667 0.7177985948477752 126 0.8315508021390374
0.36627906976744184 0.12989690721649486 0.19178082191780824
0.5622489959839357 0.28865979381443296 0.38147138964577654
485
0.0001 0.2 0.9 0.5 0.3 0.07
0.8358047991372337 0.7002484752654168 0.7002484752654168
0.8573770491803279 0.7115646258503401 0.7776951672862453 561 0.8686182669789227
0.6943089430894309 0.542566709021601 0.609129814550642
0.745945945945946 0.7013977128335451 0.7229862475442044 125 0.831081081081081
0.6628352490421456 0.540625 0.5955249569707401
0.7050279329608938 0.6572916666666667 0.6803234501347709 112 0.8748603351955307
0.2468354430379747 0.16082474226804125 0.1947565543071161
0.39593908629441626 0.3216494845360825 0.35494880546075086
485
