7192
0.9815 0.6265 0.7648 7059 11267 7192
0.0001 0.2 0.9 0.5 0.3
0.23395104673961167 0.35302538652414583 0.35302538652414583
0.2675374939525883 0.8598639455782313 0.4080992574143259 725 0.9561562651185292
0.1926056338028169 0.6950444726810674 0.3016266887234629
0.2266441821247892 0.8538754764930114 0.35820895522388063 125 0.9578414839797639
0.22521339461588968 0.7145833333333333 0.34248627059410885
0.26111458985597996 0.86875 0.40154068367838225 148 0.9536631183469004
0.060838033843674456 0.551094890510949 0.10957910014513789
0.08480565371024736 0.7883211678832117 0.15313718539524993
274
0.0001 0.2 0.9 0.5 0.3 0.08
0.7092511013215859 0.6822033898305085 0.6822033898305085
0.7437130177514792 0.7817298347910593 0.7622477020752392 641 0.8814718934911243
0.6422872340425532 0.613722998729352 0.6276803118908382
0.693621867881549 0.7738246505717916 0.7315315315315316 126 0.856492027334852
0.6071428571428571 0.6197916666666666 0.61340206185567
0.6467889908256881 0.734375 0.6878048780487805 110 0.8990825688073395
0.32209737827715357 0.354639175257732 0.337585868498528
0.3996683250414594 0.49690721649484537 0.4430147058823529
485
0.0001 0.2 0.9 0.5 0.3 0.08
0.8570234113712375 0.704225352112676 0.704225352112676
0.8774486383182035 0.7138969873663751 0.7872682456328368 598 0.8571428571428571
0.74 0.5171537484116899 0.6088257292445773
0.8008356545961003 0.7306226175349428 0.7641196013289037 168 0.766016713091922
0.7012820512820512 0.5697916666666667 0.628735632183908
0.7402452619843924 0.6916666666666667 0.7151319332256326 117 0.8695652173913043
0.35 0.2309278350515464 0.2782608695652174
0.4760705289672544 0.38969072164948454 0.42857142857142855
485
0.0001 0.2 0.9 0.5 0.3 0.08
0.8463203463203464 0.7076122610564416 0.7076122610564416
0.8666353604132425 0.7173955296404276 0.7849851127179923 563 0.8678093449166471
0.7462121212121212 0.5006353240152478 0.5992395437262358
0.8096590909090909 0.7242693773824651 0.7645875251509053 176 0.75
0.7092866756393001 0.5489583333333333 0.6189078097475045
0.7517241379310344 0.68125 0.7147540983606557 127 0.8540229885057471
0.3262411347517731 0.18969072164948453 0.23989569752281617
0.48509485094850946 0.36907216494845363 0.4192037470725995
485
0.0001 0.2 0.9 0.5 0.3 0.08
0.8557377049180328 0.711413969335605 0.711413969335605
0.87458432304038 0.7156462585034014 0.7871726349545698 550 0.8693586698337292
0.8412322274881516 0.45108005082592123 0.587262200165426
0.8860544217687075 0.662007623888183 0.7578181818181818 166 0.717687074829932
0.7815533980582524 0.503125 0.6121673003802282
0.82 0.640625 0.7192982456140351 132 0.824
0.3271604938271605 0.10927835051546392 0.16383307573415767
0.5622489959839357 0.28865979381443296 0.38147138964577654
485
0.0001 0.2 0.9 0.5 0.3 0.08
0.8449197860962567 0.7113111986494092 0.7113111986494092
0.8645176360663397 0.7193391642371234 0.7852747719074901 541 0.8736276570894651
0.8109339407744874 0.45235069885641677 0.5807504078303425
0.8616666666666667 0.6569250317662008 0.7454938716654651 161 0.7316666666666667
0.7607361963190185 0.5166666666666667 0.6153846153846154
0.7992277992277992 0.646875 0.7150259067357513 125 0.8391248391248392
0.336734693877551 0.1360824742268041 0.1938325991189427
0.5289855072463768 0.30103092783505153 0.38370565045992117
485
