7192
0.9815 0.6265 0.7648 7059 11267 7192
0.0001 0.2 0.9 0.5 0.3
0.20095478798090424 0.3118082788671024 0.3118082788671024
0.2330458221024259 0.8402332361516035 0.36488710698459587 745 0.9598382749326145
0.16454545454545455 0.6899618805590851 0.2657205774406655
0.19456617002629273 0.8462515883100381 0.3163895486935867 123 0.9640666082383874
0.19228521332554063 0.6854166666666667 0.3003194888178914
0.22511914774320158 0.8364583333333333 0.354760326927325 145 0.959349593495935
0.04771856495994427 0.5 0.08712241653418124
0.0703842230533832 0.7554744525547445 0.12877138413685846
274
0.0001 0.2 0.9 0.5 0.3 0.09
0.6614129427035046 0.6769785538052762 0.6769785538052762
0.6930060524546066 0.8011661807580175 0.7431713693320111 555 0.9066913248150639
0.6224747474747475 0.6264294790343075 0.6244458518049397
0.6739367502726281 0.7852604828462516 0.7253521126760563 125 0.8636859323882224
0.5753554502369668 0.6322916666666667 0.6024813895781637
0.6144578313253012 0.74375 0.6729500471253534 107 0.9079173838209983
0.2991735537190083 0.3731958762886598 0.33211009174311923
0.37091988130563797 0.5154639175257731 0.43140638481449517
485
0.0001 0.2 0.9 0.5 0.3 0.09
0.7522789425706472 0.6925416972621421 0.6925416972621421
0.7840683353198252 0.7671525753158406 0.7755182237940859 646 0.8716726261422328
0.6748201438848921 0.5959339263024143 0.6329284750337382
0.7286914765906363 0.7712833545108005 0.7493827160493827 138 0.8343337334933973
0.616822429906542 0.61875 0.6177847113884556
0.652542372881356 0.721875 0.685459940652819 99 0.9067796610169492
0.31673306772908366 0.32783505154639175 0.3221884498480243
0.39399293286219084 0.45979381443298967 0.4243577545195052
485
0.0001 0.2 0.9 0.5 0.3 0.09
0.7807421780257094 0.6946482520500648 0.6946482520500648
0.8075776926351639 0.7374149659863946 0.7709031799248196 575 0.8776074925500212
0.6222509702457956 0.6111817026683609 0.6166666666666666
0.6769911504424779 0.7776365946632783 0.723832052040213 131 0.8550884955752213
0.5822906641000962 0.6302083333333334 0.6053026513256629
0.6209606986899563 0.740625 0.6755344418052256 106 0.9074235807860263
0.2862129144851658 0.33814432989690724 0.3100189035916824
0.36589147286821705 0.4865979381443299 0.4176991150442478
485
0.0001 0.2 0.9 0.5 0.3 0.09
0.8030186748529036 0.6933951844488624 0.6933951844488624
0.8275089605734767 0.7179786200194364 0.7688625247164118 555 0.8756720430107527
0.7346938775510204 0.5031766200762389 0.5972850678733032
0.7971631205673759 0.7141041931385006 0.7533512064343164 166 0.7645390070921986
0.6777070063694267 0.5541666666666667 0.6097421203438397
0.7231947483588621 0.6885416666666667 0.7054429028815368 129 0.8588621444201313
0.2993827160493827 0.2 0.23980222496909764
0.45036319612590797 0.3835051546391753 0.4142538975501114
485
0.0001 0.2 0.9 0.5 0.3 0.09
0.8193343898573693 0.6946590527376554 0.6946590527376554
0.8418131359851989 0.7074829931972789 0.768824585489492 538 0.8755781683626273
0.7711340206185567 0.47522236340533675 0.5880503144654088
0.8287037037037037 0.6823379923761118 0.7484320557491289 163 0.7484567901234568
0.6979020979020979 0.5197916666666667 0.5958208955223881
0.7452830188679245 0.6583333333333333 0.6991150442477875 133 0.8431603773584906
0.26640926640926643 0.1422680412371134 0.18548387096774194
0.45244956772334294 0.3237113402061856 0.3774038461538462
485
