7192
0.9815 0.6265 0.7648 7059 11267 7192
0.0001 0.2 0.9 0.5 0.3
0.2636876994844095 0.3711126468555632 0.3711126468555632
0.31046903740036785 0.7873663751214771 0.4453361182872533 829 0.936465358675659
0.22330097087378642 0.6429479034307497 0.3314772355060596
0.26605504587155965 0.8106734434561627 0.4006279434850864 132 0.944954128440367
0.25688468158347677 0.621875 0.3635809987819732
0.30080971659919026 0.7739583333333333 0.4332361516034985 146 0.9408906882591093
0.06586169045005488 0.43795620437956206 0.11450381679389313
0.09851694915254237 0.6788321167883211 0.17206290471785385
274
0.0001 0.2 0.9 0.5 0.3 0.1
0.8143712574850299 0.6961940796795014 0.6961940796795014
0.841025641025641 0.7331389698736638 0.7833852544132919 644 0.8564102564102564
0.6822695035460993 0.6111817026683609 0.6447721179624665
0.7377049180327869 0.8005082592121983 0.7678244972577698 149 0.8255269320843092
0.6419491525423728 0.63125 0.6365546218487395
0.6890524379024839 0.7802083333333333 0.7318026380068393 143 0.8684452621895125
0.39655172413793105 0.4268041237113402 0.41112214498510424
0.47674418604651164 0.5917525773195876 0.5280588776448942
485
0.0001 0.2 0.9 0.5 0.3 0.1
0.80599603567889 0.7086374033329703 0.7086374033329703
0.8313227057302887 0.7500485908649174 0.7885971186267497 606 0.8694528220594572
0.7504105090311987 0.5806861499364676 0.6547277936962751
0.7997364953886693 0.7712833545108005 0.7852522639068564 150 0.8023715415019763
0.6755813953488372 0.6052083333333333 0.6384615384615384
0.7170385395537525 0.7364583333333333 0.7266187050359713 126 0.8722109533468559
0.4 0.35051546391752575 0.37362637362637363
0.4879518072289157 0.5010309278350515 0.49440488301119023
485
0.0001 0.2 0.9 0.5 0.3 0.1
0.8514316585629389 0.7125579292415508 0.7125579292415508
0.8703441772748703 0.7175898931000971 0.7866197933312027 540 0.8727015558698727
0.7441860465116279 0.5285895806861499 0.6181277860326894
0.8027586206896552 0.7395171537484116 0.7698412698412698 166 0.7710344827586207
0.6996245306633292 0.5822916666666667 0.6355884025014213
0.7396963123644251 0.7104166666666667 0.7247608926673751 123 0.8665943600867679
0.3515151515151515 0.23917525773195877 0.2846625766871166
0.4916864608076009 0.4268041237113402 0.45695364238410596
485
0.0001 0.2 0.9 0.5 0.3 0.1
0.8589211618257261 0.708904109589041 0.708904109589041
0.87719720683843 0.7080660835762876 0.7836093783609379 538 0.8704550927040694
0.799163179916318 0.48538754764930114 0.6039525691699604
0.8476190476190476 0.6785260482846251 0.7537050105857447 152 0.7587301587301587
0.7253218884120172 0.528125 0.6112115732368897
0.7664233576642335 0.65625 0.7070707070707071 123 0.8503649635036497
0.29957805907172996 0.1463917525773196 0.1966759002770083
0.48286604361370716 0.31958762886597936 0.38461538461538464
485
0.0001 0.2 0.9 0.5 0.3 0.1
0.8518720962011479 0.7080872330758745 0.7080872330758745
0.8703349282296651 0.7070942662779397 0.7802680965147453 521 0.8753588516746411
0.7904191616766467 0.5031766200762389 0.6149068322981366
0.8328025477707006 0.6645489199491741 0.7392226148409894 127 0.7977707006369427
0.7206085753803596 0.5427083333333333 0.6191325014854427
0.7612293144208038 0.6708333333333333 0.7131782945736433 123 0.8546099290780141
0.3230769230769231 0.1731958762886598 0.22550335570469798
0.48985507246376814 0.34845360824742266 0.40722891566265057
485
