0.2 0.9 0.3 0.5 0.1 0
0.2 0.9 0.3 0.5 0.02 1
0.2 0.9 0.3 0.5 0.03 2
0.2 0.9 0.3 0.5 0.04 3
0.2 0.9 0.3 0.5 0.05 4
0.2 0.9 0.3 0.5 0.06 5
0.2 0.9 0.3 0.5 0.07 6
0.2 0.9 0.3 0.5 0.08 7
0.2 0.9 0.3 0.5 0.09 8
0.2 0.9 0.3 0.5 0.1 9
0.2 0.9 0.3 0.5 0.15 10
0.2 0.9 0.3 0.5 0.2 11
0.2 0.9 0.3 0.5 0.25 12
0.2 0.9 0.3 0.5 0.3 13
0.2 0.9 0.3 0.5 0.35 14
0.2 0.9 0.3 0.5 0.4 15
0.2 0.9 0.3 0.5 0.45 16
0.2 0.9 0.3 0.5 0.5 17
0.2 0.9 1.5 0.5 0.1 18
0.2 0.9 1.5 0.5 0.02 19
0.2 0.9 1.5 0.5 0.03 20
0.2 0.9 1.5 0.5 0.04 21
0.2 0.9 1.5 0.5 0.05 22
0.2 0.9 1.5 0.5 0.06 23
0.2 0.9 1.5 0.5 0.07 24
0.2 0.9 1.5 0.5 0.08 25
0.2 0.9 1.5 0.5 0.09 26
0.2 0.9 1.5 0.5 0.1 27
0.2 0.9 1.5 0.5 0.15 28
0.2 0.9 1.5 0.5 0.2 29
0.2 0.9 1.5 0.5 0.25 30
0.2 0.9 1.5 0.5 0.3 31
0.2 0.9 1.5 0.5 0.35 32
0.2 0.9 1.5 0.5 0.4 33
0.2 0.9 1.5 0.5 0.45 34
0.2 0.9 1.5 0.5 0.5 35
